parameters {

	 
	logical	AmiCvdportInitialAlterationPopulationScope[cPopulationSource] = {
		(2) TRUE, FALSE, 
	};

	 
	int	AmiCvdportInitialAlterationYearScope[cLOWER_UPPER_BOUNDS] = {
		0, 9999, 
	};
	double	WeightForUnderlyingAmiCvdportishUniform = 1.0; 

	 
	double	AmiCvdportPrevalenceTarget2001[SEX][FROM_20_TO_80_BY_5][PROVINCE] = {
		
-9 ,
-9 ,
-9 ,
-9 ,
-9 ,
-9 ,
-9 ,
-9 ,
-9 ,
-9 ,
2.20435247146151e-05 ,
8.65915617406671e-05 ,
2.6214037617144e-05 ,
1.58511928831379e-05 ,
2.23181370732154e-05 ,
2.29504947396423e-05 ,
1.02325824218852e-05 ,
1.14529465042218e-05 ,
1.44778037171761e-05 ,
6.08203139848709e-06 ,
7.14937078241839e-05 ,
0.000283852280955829 ,
7.95597692766691e-05 ,
4.74806201550388e-05 ,
7.28452125952841e-05 ,
6.61082522630808e-05 ,
3.17117894509762e-05 ,
3.8695666480208e-05 ,
4.38260107373726e-05 ,
1.79039008123895e-05 ,
0.000173903966597077 ,
0.000747420367877972 ,
0.000212354006620448 ,
0.000128673489090558 ,
0.000193583283514106 ,
0.000167162044382864 ,
8.89672113638791e-05 ,
0.000111707120826069 ,
0.000121910772071676 ,
4.4792243037441e-05 ,
0.000573887915700468 ,
0.000421332998469983 ,
0.000556703241322754 ,
0.000696383134046063 ,
0.000459441563683911 ,
0.000385478877234657 ,
0.000333530869464167 ,
0.000432254255585524 ,
0.000302939276188969 ,
0.000240689921141015 ,
0.00150979614245583 ,
0.00109666150622055 ,
0.00146678131941572 ,
0.0018409951643288 ,
0.0011601827430683 ,
0.00106749870684609 ,
0.000883252647055119 ,
0.0011063100510633 ,
0.000785489443396245 ,
0.000627264453930682 ,
0.00288333349927571 ,
0.00222833334484927 ,
0.00298466568639091 ,
0.00364412035082873 ,
0.00239221829345476 ,
0.00226618963617422 ,
0.00179637851377047 ,
0.00227247732996245 ,
0.0017001479392296 ,
0.00127868111477204 ,
0.00613953943927287 ,
0.00475197799737208 ,
0.00569530632524187 ,
0.00549893857006934 ,
0.00409876702885079 ,
0.00455975021122611 ,
0.00348936850342488 ,
0.00445624684877391 ,
0.00325537141078039 ,
0.00288784766200517 ,
0.0112293475127086 ,
0.0092044422995591 ,
0.010342064127999 ,
0.0103388777230818 ,
0.00693726589852854 ,
0.00841315025981723 ,
0.00642739106451818 ,
0.00810353536221884 ,
0.00627665102559632 ,
0.00544525297678191 ,
0.0187286637624005 ,
0.0139954125542663 ,
0.0160674264349416 ,
0.0161235717603506 ,
0.0111907243824493 ,
0.0127537239118859 ,
0.00989276775804562 ,
0.0114907074576981 ,
0.00999865751248183 ,
0.00846977803087794 ,
0.0237160060437564 ,
0.0187751369903858 ,
0.0200702366344625 ,
0.0208772682598652 ,
0.015749232256005 ,
0.0195527812683037 ,
0.0149104216891483 ,
0.0182989503879948 ,
0.0122715351702002 ,
0.013536801159681 ,
0.0359358905137882 ,
0.0297705344820506 ,
0.0298747299718337 ,
0.0306933228820154 ,
0.0229254651597824 ,
0.0283636237527919 ,
0.0205790819403048 ,
0.0251174685075797 ,
0.0184958822957896 ,
0.019489532606142 ,
0.0544757552739577 ,
0.040669819394104 ,
0.0419156062333977 ,
0.0422714309837621 ,
0.0344964346858285 ,
0.0404262510964644 ,
0.026932091598002 ,
0.0338290271371601 ,
0.0275343467961777 ,
0.0272278425519066 ,
0.0742421117756238 ,
0.0581564408258214 ,
0.0557345641382914 ,
0.0667126754083276 ,
0.0535335510588869 ,
0.0663171632711748 ,
0.0410874477847018 ,
0.0475093068604857 ,
0.0416333739854493 ,
0.0439479527386938 ,
-9 ,
-9 ,
-9 ,
-9 ,
-9 ,
-9 ,
-9 ,
-9 ,
-9 ,
-9 ,
0.00012336114715998 ,
0.000119764577059951 ,
7.31576525465082e-05 ,
0.000171375273718445 ,
9.54703510805936e-05 ,
0.000106891928341076 ,
8.26655791550476e-05 ,
0.000121967990110835 ,
6.46412411118293e-05 ,
5.62751585130527e-05 ,
0.000318742988520402 ,
0.000310080505373445 ,
0.0001730315963218 ,
0.000404735582284724 ,
0.000239304578181575 ,
0.000241853904818921 ,
0.000192917198819906 ,
0.000322875897735377 ,
0.00014958493432571 ,
0.000130636095548376 ,
0.000700822076378731 ,
0.000721598180008531 ,
0.000399325003046574 ,
0.000974113766410878 ,
0.000570003136299116 ,
0.000553788806591487 ,
0.000484600428843529 ,
0.00083789086977045 ,
0.000375083100307568 ,
0.000295716797121962 ,
0.00224416967908137 ,
0.00238228774705298 ,
0.00200560474324951 ,
0.00218611935087671 ,
0.00188257799861765 ,
0.00158077226698482 ,
0.001362736171005 ,
0.00172311401282208 ,
0.0012456532414228 ,
0.00105045088422863 ,
0.00618647477811438 ,
0.00679678636874211 ,
0.00575987780390725 ,
0.00625263115537152 ,
0.00523457664817713 ,
0.00475963386313846 ,
0.00383973823883478 ,
0.00460427555673733 ,
0.00342729374463438 ,
0.00297290686231886 ,
0.0124713949750176 ,
0.0142324032853131 ,
0.0125596208190667 ,
0.0133898004209672 ,
0.0116388176077521 ,
0.0109158658999864 ,
0.00857309945101545 ,
0.00992446828847664 ,
0.00788159758495953 ,
0.00636117694527727 ,
0.0207892216433389 ,
0.0202396731751931 ,
0.021488934438646 ,
0.022263687913718 ,
0.0198390083351279 ,
0.0195599604688758 ,
0.016106870766822 ,
0.0191442379948988 ,
0.0139098897425914 ,
0.0134682073861994 ,
0.03234720835707 ,
0.0325704784345181 ,
0.0332658818946689 ,
0.0351216587165344 ,
0.0288819316189907 ,
0.0307120363763299 ,
0.0251655997585942 ,
0.0300215105388082 ,
0.0230948140940867 ,
0.0215942026656277 ,
0.0433469166720926 ,
0.0400954794481605 ,
0.0428033848169621 ,
0.0458420058926193 ,
0.0389471376755975 ,
0.0391246214488897 ,
0.0324499809620545 ,
0.0361885390056923 ,
0.0304574153742482 ,
0.0277395228762881 ,
0.0521396292195117 ,
0.0480825062893843 ,
0.0470126567466253 ,
0.0545236651330247 ,
0.0426797707469294 ,
0.0483479577509182 ,
0.0395341037235309 ,
0.0521425635267566 ,
0.035865308921354 ,
0.0383276072696907 ,
0.0698907289380017 ,
0.0667434695586708 ,
0.0634643934874817 ,
0.0715821816648485 ,
0.0555413803270509 ,
0.0601242804180913 ,
0.0485605137175568 ,
0.0609128271685053 ,
0.0461971994210697 ,
0.0476350110852843 ,
0.0859390080388343 ,
0.0762479362550774 ,
0.0744313541574015 ,
0.0804684386096351 ,
0.0709782946613208 ,
0.0738241259878159 ,
0.0537098531847161 ,
0.0678018535944006 ,
0.0594247279891012 ,
0.0573269999928405 ,
0.101795298908014 ,
0.0949554896142433 ,
0.0904111970790229 ,
0.106121537086685 ,
0.0917485323184943 ,
0.103966244725738 ,
0.068762278978389 ,
0.0877684407096172 ,
0.0735210087234772 ,
0.0790882543802725 ,
	};

	
};

