parameters {
	int	DementiaMinimumAgeForIncidence = 55; //EN DEMPORT minimum incidence age

	 //EN DEMPORT 5 year baseline cumulative hazard
	double	DementiaBaseline[SEX] = {
		0.08718073, 0.03026372, 
	};

	 //EN DEMPORT log baseline cumulative hazard
	double	DementiaLogBaseCumulativeHazard[SEX][COORDINATES_X_Y][SCATTER_PLOT_ELEMENTS] = {
		// FEMALE - MALE
		(2) {
			(2) {
				(10) 0, 
			},
		},
	};

	 //EN DEMPORT main non-spline terms means
	double	DementiaMainTermsMeans[SEX][DEMPORT_MAIN_TERMS] = {
		0.145, 0.0613, 0.383, 0.212, 0.14, 0.031, 0.122, 0.434, 0.208, 0.0496, 0.432, 0, 
		0.161, 0.0914, 0.553, 0.158, 0.187, 0.0351, 0.166, 0.388, (3) 0, 0.0689, 
	};

	 //EN DEMPORT main non-spline terms coefficients
	double	DementiaMainTermsCoefficients[SEX][DEMPORT_MAIN_TERMS] = {
		0.039406677, 0.123883776, 0.02632212, 0.131370158, 0.067801038, 0.368505128, 0.40951651, -0.004768246, -0.066693097, -0.126138518, -0.109690884, 0, 
		0.094669893, -0.048161163, 0.042471004, 0.127400898, -0.139571534, 0.437790265, 0.145147156, -0.082890932, (3) 0, -0.285927841, 
	};

	 //EN DEMPORT interaction terms
	double	DementiaInteractionCoefficients[SEX][DEMPORT_INTERACTION_TERMS] = {
		-0.01222868, -0.007432523, 0.002122531, -0.005918187, -0.018081279, 0.000146041, -0.024582615, -0.013929878, (4) 0, -0.000155971, 3.86E-05, -0.001253917, 0.000671524, 
		-0.008428458, -0.005431465, -0.007018043, 0.000063706, -0.001031514, -0.005902235, -0.00962036, -0.008981298, (4) 0, 0.000028995, 0.000612868, 0.001926513, 0.000453647, 
	};

	 //EN DEMPORT age cubic spline coefficients
	double	DementiaAgeSplineLocationCoef[SEX][CUBIC_SPLINE_KNOTS_LOCATION_COEFFICIENT][CUBIC_SPLINE_KNOTS_INDEX] = {
		// FEMALE
		-12.8, -7.8, -0.8, 6.2, 16.2, (15) -9, 
		-0.59957, 1.106106, -0.83521, (17) 0, 
		// MALE
		-11.5, -6.5, -1.5, 5.5, 16.5, (15) -9, 
		-0.21765, 0.508559, -0.62908, (17) 0, 
	};

	 //EN DEMPORT age cubic spline companion
	double	DementiaAgeSplineCompanion[SEX][CUBIC_SPLINE_COMPANION] = {
		-1e9, 1e9, 0.66666666666666667, 68.8, 0.245279263, 68.8, 
		-1e9, 1e9, 0.66666666666666667, 67.5, 0.187761068, 67.5, 
	};

	 //EN DEMPORT pack years cubic spline coefficients
	double	DementiaPackYearsSplineLocationCoef[SEX][CUBIC_SPLINE_KNOTS_LOCATION_COEFFICIENT][CUBIC_SPLINE_KNOTS_INDEX] = {
		// FEMALE
		-11.3, -8.8, 28.7, (17) -9, 
		-0.052875288, (19) 0, 
		// MALE
		-21.2, -10.35, 34.8, (17) -9, 
		0.015230383, (19) 0, 
	};

	 //EN DEMPORT pack years cubic spline companion
	double	DementiaPackYearsSplineCompanion[SEX][CUBIC_SPLINE_COMPANION] = {
		-1e9, 1e9, 0.66666666666666667, 11.3, 0.00696192, 11.3, 
		-1e9, 1e9, 0.66666666666666667, 21.2, -0.007538736, 21.2, 
	};

	 //EN DEMPORT drinks last week cubic spline coefficients
	double	DementiaDrinksSplineLocationCoef[SEX][CUBIC_SPLINE_KNOTS_LOCATION_COEFFICIENT][CUBIC_SPLINE_KNOTS_INDEX] = {
		// FEMALE
		-1.92, 0.08, 5.08, (17) -9, 
		0.027864201, (19) 0, 
		// MALE
		-4.96, -3.96, 9.04, (17) -9, 
		0.058555464, (19) 0, 
	};

	 //EN DEMPORT drinks last week cubic spline companion
	double	DementiaDrinksSplineCompanion[SEX][CUBIC_SPLINE_COMPANION] = {
		-1e9, 1e9, 0.66666666666666667, 1.92, -0.028630605, 1.92, 
		-1e9, 1e9, 0.66666666666666667, 4.96, -0.015677555, 4.96, 
	};

	 //EN DEMPORT METs cubic spline coefficients
	double	DementiaMetsSplineLocationCoef[SEX][CUBIC_SPLINE_KNOTS_LOCATION_COEFFICIENT][CUBIC_SPLINE_KNOTS_INDEX] = {
		// FEMALE
		-1.51, -0.11, 2.49, (17) -9, 
		0.065910843, (19) 0, 
		// MALE
		-1.9, -0.1, 2.7, (17) -9, 
		0.038475324, (19) 0, 
	};

	 //EN DEMPORT METs cubic spline companion
	double	DementiaMetsSplineCompanion[SEX][CUBIC_SPLINE_COMPANION] = {
		-1e9, 1e9, 0.66666666666666667, 1.61, -0.046545656, 1.61, 
		-1e9, 1e9, 0.66666666666666667, 2, -0.055754756, 2, 
	};

	 //EN DEMPORT BMI cubic spline coefficients
	double	DementiaBmiSplineLocationCoef[SEX][CUBIC_SPLINE_KNOTS_LOCATION_COEFFICIENT][CUBIC_SPLINE_KNOTS_INDEX] = {
		// FEMALE
		-5.76, -0.87, 6.52, (17) -9, 
		0.018017794, (19) 0, 
		// MALE
		-4.8, -0.67, 5.46592, (17) -9, 
		0.009216159, (19) 0, 
	};

	 //EN DEMPORT BMI cubic spline companion
	double	DementiaBmiSplineCompanion[SEX][CUBIC_SPLINE_COMPANION] = {
		-1e9, 1e9, 0.66666666666666667, 26.5, -0.041788926, 26.5, 
		-1e9, 1e9, 0.66666666666666667, 27.1, -0.019794479, 27.1, 
	};

	 //EN Alteration of DEMPORT log hazard by sex and age
	double	DementiaAlterationSpecs[SEX][FROM_25_TO_90_BY_5] = {
		(9) 0, -0.6, -0.7, -0.4, 0, 0.4, 1.2, 
		(9) 0, -0.4, -0.45, -0.15, 0.3, 0.9, 1.5, 
	};
	logical	DementiaAlterationSpecsAppliesToPrevalenceFixSR = FALSE; //EN Use altered DEMPORT log hazard in correction for initial dementia prevalence

	 //EN Physician costs
	double	DementiaPhysicianCosts[SEX][FROM_25_TO_90_BY_5][DEMPORT_STATE][DEMENTIA_TIME_CAT] = {
        0, 0, 0, 0, 0, 0, 0, 0, 0, 0, 0, 0, 0, 0, 0, 0, 0, 0, 0, 0, 0, 0, 0, 0, 0, 0, 0, 0, 0, 0, 0, 0, 0, 0, 0, 0, 0, 0, 0, 0, 0, 0, 0, 0, 0, 0, 0, 0, 0, 0, 0, 0, 0, 0, 0, 0, 0, 0, 0, 0, 0, 0, 0, 0, 0, 0, 0, 0, 0, 0, 0, 0, 2725.573, 2029.153, 1976.854, 12001.203, 3356.74, 3373.646, 2306.102, 9918.298, 2738.345, 2134.677, 2036.663, 11794.683, 3077.585, 3101.35, 2168.162, 10460.613, 2736.456, 2180.267, 2075.781, 10158.354, 2855.922, 3010.807, 2072.98, 9360.448, 2584.702, 2106.605, 2086.514, 8494.774, 2691.03, 2994.072, 2051.493, 8240.324, 2490.221, 2067.554, 1998.074, 7088.001, 2591.415, 3003.583, 2028.676, 7410.656, 3827.369, 11422.52, 4671.217, 3599.325, 6393.116, 14338.056, 4981.276, 3963.308,
        0, 0, 0, 0, 0, 0, 0, 0, 0, 0, 0, 0, 0, 0, 0, 0, 0, 0, 0, 0, 0, 0, 0, 0, 0, 0, 0, 0, 0, 0, 0, 0, 0, 0, 0, 0, 0, 0, 0, 0, 0, 0, 0, 0, 0, 0, 0, 0, 0, 0, 0, 0, 0, 0, 0, 0, 0, 0, 0, 0, 0, 0, 0, 0, 0, 0, 0, 0, 0, 0, 0, 0, 3103.704, 2177.461, 2098.548, 12623.856, 3646.495, 3620.674, 2490.695, 11562.508, 3115.336, 2362.272, 2274.014, 11755.03, 3451.915, 3570.665, 2496.996, 11752.548, 3071.062, 2402.307, 2373.476, 11078.066, 3294.255, 3529.217, 2361.381, 10714.474, 2992.1, 2458.251, 2454.749, 10053.088, 3084.341, 3513.667, 2346.45, 10005.752, 2855.227, 2356.734, 2307.35, 8681.969, 2941.354, 3586.641, 2269.106, 9504.92, 4081.083, 15171.747, 5057.855, 4113.196, 7187.875, 18565.098, 5291.97, 4457.807
	};

	 //EN Prescription drugs
	double	DementiaPrescriptionDrugs[SEX][FROM_25_TO_90_BY_5][DEMPORT_STATE][DEMENTIA_TIME_CAT] = {
        0, 0, 0, 0, 0, 0, 0, 0, 0, 0, 0, 0, 0, 0, 0, 0, 0, 0, 0, 0, 0, 0, 0, 0, 0, 0, 0, 0, 0, 0, 0, 0, 0, 0, 0, 0, 0, 0, 0, 0, 0, 0, 0, 0, 0, 0, 0, 0, 0, 0, 0, 0, 0, 0, 0, 0, 0, 0, 0, 0, 0, 0, 0, 0, 0, 0, 0, 0, 0, 0, 0, 0, 2085.994, 2109.062, 2276.51, 5539.513, 2082.802, 2652.545, 2657.644, 3985.613, 2250.092, 2083.029, 2289.072, 5076.495, 2076.593, 2545.177, 2596.743, 3907.917, 2220.858, 2159.958, 2352.896, 4338.427, 2054.645, 2480.658, 2517.851, 3588.02, 2383.287, 2276.714, 2481.299, 3905.03, 1982.202, 2480.679, 2453.874, 3202.848, 2422.648, 2276.438, 2371.679, 3145.102, 2109.086, 2534.106, 2487.083, 3107.45, 4384.402, 5115.871, 5064.04, 4308.016, 4762.097, 5308.925, 4181.698, 4348.86,
        0, 0, 0, 0, 0, 0, 0, 0, 0, 0, 0, 0, 0, 0, 0, 0, 0, 0, 0, 0, 0, 0, 0, 0, 0, 0, 0, 0, 0, 0, 0, 0, 0, 0, 0, 0, 0, 0, 0, 0, 0, 0, 0, 0, 0, 0, 0, 0, 0, 0, 0, 0, 0, 0, 0, 0, 0, 0, 0, 0, 0, 0, 0, 0, 0, 0, 0, 0, 0, 0, 0, 0, 2507.605, 2658.111, 2528.968, 6470.231, 2192.691, 2811.798, 2926.012, 3702.718, 2702.884, 2642.917, 2845.592, 5637.399, 2320.487, 2655.999, 2790.691, 4017.215, 2653.104, 2539.897, 2652.639, 5120.908, 2163.602, 2587.167, 2690.161, 3674.754, 2822.655, 2652.777, 2957.597, 4692.632, 2165.088, 2560.213, 2631.151, 3327.667, 2738.928, 2651.297, 2783.799, 3895.072, 2295.532, 2624.713, 2676.7, 3254.899, 4661.028, 5765.892, 5136.392, 4518.82, 4774.166, 5276.181, 4299.7, 4461.288
	};

	 //EN Hospital Admissions
	double	DementiaHospitalAdmissions[SEX][FROM_25_TO_90_BY_5][DEMPORT_STATE][DEMENTIA_TIME_CAT] = {
        0, 0, 0, 0, 0, 0, 0, 0, 0, 0, 0, 0, 0, 0, 0, 0, 0, 0, 0, 0, 0, 0, 0, 0, 0, 0, 0, 0, 0, 0, 0, 0, 0, 0, 0, 0, 0, 0, 0, 0, 0, 0, 0, 0, 0, 0, 0, 0, 0, 0, 0, 0, 0, 0, 0, 0, 0, 0, 0, 0, 0, 0, 0, 0, 0, 0, 0, 0, 0, 0, 0, 0, 9249.455, 5384.212, 5778.049, 64843.261, 14097.07, 14501.595, 9703.433, 66871.491, 8708.438, 5570.238, 5668.207, 63150.885, 11840.161, 13646.809, 7961.227, 70221.16, 8522.653, 5664.958, 5863.604, 56886.915, 10481.428, 13234.002, 7222.386, 58472.434, 8017.346, 5576.627, 6185.758, 46713, 10170.957, 13498.865, 7071.363, 52619.14, 7983.983, 5596.89, 5979.552, 37238.394, 10336.223, 14729.484, 6902.725, 44410.178, 11290.966, 61690.464, 16541.668, 11096.336, 33612.245, 84098.166, 22475.312, 12520.918,
        0, 0, 0, 0, 0, 0, 0, 0, 0, 0, 0, 0, 0, 0, 0, 0, 0, 0, 0, 0, 0, 0, 0, 0, 0, 0, 0, 0, 0, 0, 0, 0, 0, 0, 0, 0, 0, 0, 0, 0, 0, 0, 0, 0, 0, 0, 0, 0, 0, 0, 0, 0, 0, 0, 0, 0, 0, 0, 0, 0, 0, 0, 0, 0, 0, 0, 0, 0, 0, 0, 0, 0, 11757.02, 6637.265, 7091.867, 70360.526, 17022.941, 19312.127, 11617.103, 85841.761, 10961.54, 7458.22, 7114.674, 66509.686, 15110.887, 18325.592, 11697.16, 81115.518, 9980.458, 7008.046, 7431.453, 60881.605, 12789.015, 17597.191, 10395.862, 76648.639, 9978.314, 6978.253, 7713.887, 55013.948, 11985.734, 18219.376, 10339.317, 67498.118, 9349.285, 6664.103, 7195.069, 45907.884, 11506.018, 18667.474, 9359.199, 64389.828, 13413.2, 85964.832, 18104.499, 14919.637, 44213.304, 134264.809, 23458.627, 19896.951
	};

	 //EN Home care
	double	DementiaHomeCare[SEX][FROM_25_TO_90_BY_5][DEMPORT_STATE][DEMENTIA_TIME_CAT] = {
        0, 0, 0, 0, 0, 0, 0, 0, 0, 0, 0, 0, 0, 0, 0, 0, 0, 0, 0, 0, 0, 0, 0, 0, 0, 0, 0, 0, 0, 0, 0, 0, 0, 0, 0, 0, 0, 0, 0, 0, 0, 0, 0, 0, 0, 0, 0, 0, 0, 0, 0, 0, 0, 0, 0, 0, 0, 0, 0, 0, 0, 0, 0, 0, 0, 0, 0, 0, 0, 0, 0, 0, 1202.6633, 889.2051, 866.3067, 6580.0493, 1767.9394, 2387.6189, 2356.8212, 5983.5949, 1162.0637, 865.3989, 935.7934, 6616.0339, 1713.4198, 2587.9104, 2692.0992, 6209.1592, 1292.1268, 1083.4841, 1228.6014, 6610.9869, 1818.8104, 2872.0069, 2935.0349, 5810.3983, 1585.4107, 1397.1861, 1680.4448, 6336.0237, 2200.8492, 3494.6671, 3306.8407, 5672.1749, 2048.2953, 1924.2763, 2343.0152, 6299.7214, 2750.0514, 4036.4661, 3639.983, 5462.2237, 6441.2673, 14491.5198, 6214.0816, 7217.1119, 9095.3308, 10527.4112, 8454.1558, 7264.5108,
        0, 0, 0, 0, 0, 0, 0, 0, 0, 0, 0, 0, 0, 0, 0, 0, 0, 0, 0, 0, 0, 0, 0, 0, 0, 0, 0, 0, 0, 0, 0, 0, 0, 0, 0, 0, 0, 0, 0, 0, 0, 0, 0, 0, 0, 0, 0, 0, 0, 0, 0, 0, 0, 0, 0, 0, 0, 0, 0, 0, 0, 0, 0, 0, 0, 0, 0, 0, 0, 0, 0, 0, 1034.8565, 794.4754, 772.3152, 5744.6654, 1656.4209, 2529.7343, 2495.3649, 6414.9143, 1208.4181, 877.019, 904.64, 6011.1948, 1711.4467, 2739.9975, 2803.3319, 6547.4954, 1131.3966, 886.3042, 1007.1673, 5898.2084, 1701.217, 2953.4331, 3032.6361, 6670.747, 1353.5634, 1176.2389, 1418.103, 5874.3366, 1928.3259, 3542.8462, 3666.7406, 6695.6003, 1707.2924, 1574.792, 2000.6841, 6182.957, 2523.0552, 4381.5416, 4085.2819, 6770.2804, 5077.7897, 13997.772, 5134.2951, 5809.7516, 10976.905, 12523.8335, 7509.6398, 8404.5466
	};

	 //EN Long-term care
	double	DementiaLongTermCare[SEX][FROM_25_TO_90_BY_5][DEMPORT_STATE][DEMENTIA_TIME_CAT] = {
        0, 0, 0, 0, 0, 0, 0, 0, 0, 0, 0, 0, 0, 0, 0, 0, 0, 0, 0, 0, 0, 0, 0, 0, 0, 0, 0, 0, 0, 0, 0, 0, 0, 0, 0, 0, 0, 0, 0, 0, 0, 0, 0, 0, 0, 0, 0, 0, 0, 0, 0, 0, 0, 0, 0, 0, 0, 0, 0, 0, 0, 0, 0, 0, 0, 0, 0, 0, 0, 0, 0, 0, 1765.0564, 1263.2123, 1314.981, 4011.7342, 2242.6382, 5754.6258, 10364.5528, 21917.782, 1454.0213, 894.7949, 970.158, 3215.7073, 1639.9367, 5070.216, 10583.6163, 21542.0082, 1455.6183, 778.1082, 934.2018, 3128.0817, 1561.4489, 5382.7629, 11667.4896, 22414.6787, 2005.9744, 916.5243, 1180.1737, 3648.6256, 1885.7018, 6805.1204, 13823.8062, 23361.7477, 3464.217, 1489.3266, 1928.7273, 4724.0306, 2832.1602, 9551.0267, 17089.6173, 26024.3415, 9105.8652, 18497.4252, 19387.2773, 10234.6151, 37487.4552, 60805.4482, 12966.0714, 51662.1958,
        0, 0, 0, 0, 0, 0, 0, 0, 0, 0, 0, 0, 0, 0, 0, 0, 0, 0, 0, 0, 0, 0, 0, 0, 0, 0, 0, 0, 0, 0, 0, 0, 0, 0, 0, 0, 0, 0, 0, 0, 0, 0, 0, 0, 0, 0, 0, 0, 0, 0, 0, 0, 0, 0, 0, 0, 0, 0, 0, 0, 0, 0, 0, 0, 0, 0, 0, 0, 0, 0, 0, 0, 1705.2595, 1209.9331, 1241.763, 2838.2986, 1892.6378, 5217.2378, 9325.8442, 18521.6465, 1393.3787, 885.009, 885.1129, 2408.8311, 1356.4244, 4402.0218, 8829.994, 17491.6825, 1280.3338, 692.9862, 692.3362, 2065.9667, 1050.2327, 3967.9095, 8682.7237, 17251.6455, 1453.6378, 646.0984, 797.8176, 1975.1541, 1186.3494, 4743.8694, 9917.4688, 17776.6049, 2675.3222, 885.019, 1161.0667, 2850.1877, 1763.0706, 6240.9256, 11772.6252, 18699.1936, 5826.9521, 12135.5929, 13349.2617, 6686.3296, 24620.7205, 45706.7454, 8554.9085, 32221.1009
	};

	 //EN Assistive devices
	double	DementiaAssistiveDevices[SEX][FROM_25_TO_90_BY_5][DEMPORT_STATE][DEMENTIA_TIME_CAT] = {
        0, 0, 0, 0, 0, 0, 0, 0, 0, 0, 0, 0, 0, 0, 0, 0, 0, 0, 0, 0, 0, 0, 0, 0, 0, 0, 0, 0, 0, 0, 0, 0, 0, 0, 0, 0, 0, 0, 0, 0, 0, 0, 0, 0, 0, 0, 0, 0, 0, 0, 0, 0, 0, 0, 0, 0, 0, 0, 0, 0, 0, 0, 0, 0, 0, 0, 0, 0, 0, 0, 0, 0, 0, 0, 0, 0, 0, 0, 0, 0, 0, 0, 0, 0, 0, 0, 0, 0, 0, 0, 0, 0, 0, 0, 0, 0, 0, 0, 0, 0, 0, 0, 0, 0, 0, 0, 0, 0, 0, 0, 0, 0, 0, 0, 0, 0, 0, 0, 0, 0, 0, 0, 0, 0, 0, 0, 0, 0, 0, 0, 0, 0, 0, 0, 0, 0, 0, 0, 0, 0, 0, 0, 0, 0, 0, 0, 0, 0, 0, 0, 0, 0, 0, 0, 0, 0, 0, 0, 0, 0, 0, 0, 0, 0, 0, 0, 0, 0, 0, 0, 0, 0, 0, 0, 0, 0, 0, 0, 0, 0, 0, 0, 0, 0, 0, 0, 0, 0, 0, 0, 0, 0, 0, 0, 0, 0, 0, 0, 0, 0, 0, 0, 0, 0, 0, 0, 0, 0, 0, 0, 0, 0, 0, 0, 0, 0, 0, 0, 0, 0, 0, 0, 0, 0, 0, 0, 0, 0, 0, 0, 0, 0, 0, 0, 0, 0, 0, 0, 0, 0
	};
	int	DementiaTemporalBendingPoint = 2016; //EN Label for DementiaTemporalBendingPoint

	 //EN Label for DementiaAlterationSpecsBeforeSlope
	double	DementiaAlterationSpecsBeforeSlope[SEX][FROM_25_TO_90_BY_5] = {
		(2) {
			(15) 0, 
		},
	};

	 //EN Label for DementiaAlterationSpecsAfterSlope
	double	DementiaAlterationSpecsAfterSlope[SEX][FROM_25_TO_90_BY_5] = {
		(14) 0, -0.01, 
		(15) 0, 
	};
};

