parameters {

	logical	HuiModel3UltraDynamic = TRUE; 
	double	HuiModel3UltraDynamicDelay = 1e-9; 

	double  HuiModel3SiloProbs[UNIFORM_SILOS] = { 0.0, 1.0, 0.0 };
	double	HuiModel3Armaplus11[UNIFORM_SILOS][ARMAPLUS_11_PARAMETERS] = {
		0.95 , 0.64356282 , 0.0,
		0.95 , 0.64356282 , 0.0,
		0.95 , 0.64356282 , 0.0,
	};
	double	HuiModel3CutOffLow = 0.98; 
	double	HuiModel3CutOffHigh = 0.996; 
	int	HuiModel3BootstrapIndexMultiplier = 1;
	int	HuiModel3BootstrapOffset = 1; 

	 //EN Alpha main coefficients for HUI model built on CCHS data
	double	HuiModel3AlphaMainLinearPred[BOOTSTRAP_INDEX_39][HUI_MODEL3_LINEAR_PREDICTOR] = {
		0.7303, 0, -0.0447, 0.7891, 0.5093, 0.437, 0.3637, 0.3729, 0.3255, 0.2018, (2) 0, -0.103, 0.0423, 0.0497, 0, -0.072, 0.0374, -0.0285, 0.0516, 0, -0.5154, -0.2903, -0.1678, 0, -0.2629, -0.1547, -0.0849, (2) 0, 0.1072, 0.225, 0.3859, 0.3019, 0, -0.032, -0.142, 0, -0.0289, 0, -0.0811, 0, -0.1081, 0, 0.0005, 0, 0.14, 0.6855, 0.4381, 0.2345, 0.1484, 0.1213, 0, -0.2308, 0.0522, 0.1319, 0, -0.229, -0.0294, -0.0346, 0, -0.0524, 0.1198, 0.2, -0.2068, -0.1117, -0.1031, 0.0005, 0.0239, 0, -0.3274, -0.1738, -0.187, -0.0769, -0.018, 0, 0.098, 0.0604, 0.0342, 0, 
		1.1091, 0, -0.0013, 0.7243, 0.4304, 0.3958, 0.3644, 0.3513, 0.34, 0.1493, (2) 0, -0.0525, -0.001, 0.001, 0, -0.1015, -0.0313, -0.0693, 0.0505, 0, -0.5505, -0.2057, -0.1573, 0, -0.314, -0.1955, -0.1072, (2) 0, 0.1209, 0.229, 0.3981, 0.308, 0, -0.0199, -0.1473, 0, -0.0261, 0, -0.1492, 0, -0.1325, 0, -0.012, 0, 0.0871, 0.549, 0.3153, 0.0721, 0.0193, 0.0157, 0, -0.2953, -0.0186, 0.0195, 0, -0.2918, -0.1229, -0.1207, 0, -0.1305, 0.7277, 0.1975, -0.1335, -0.3104, -0.1514, -0.0743, -0.0618, 0, -0.2922, -0.1051, -0.028, 0.038, 0.1065, 0, 0.112, 0.0514, 0.0548, 0, 
		0.9613, 0, -0.0681, 0.5415, 0.3368, 0.2601, 0.2017, 0.1738, 0.1671, 0.0124, (2) 0, -0.1358, 0.0055, 0.0047, 0, -0.1203, 0.0118, -0.074, 0.0465, 0, -0.4128, -0.4093, -0.2798, 0, -0.314, -0.1486, -0.1878, (2) 0, 0.1521, 0.241, 0.446, 0.3871, 0, 0.0454, -0.1215, 0, -0.0289, 0, 0.0032, 0, -0.1177, 0, 0.0106, 0, 0.0548, 0.7453, 0.5084, 0.2491, 0.1987, 0.143, 0, -0.307, -0.0196, 0.0522, 0, -0.1909, -0.0044, -0.0545, 0, -0.1475, 0.2411, -0.1199, -0.0941, -0.054, 0.0547, 0.0716, 0.2316, 0, -0.3873, -0.2173, -0.1568, -0.0167, -0.0694, 0, 0.0689, 0.0952, 0.0463, 0, 
		0.809, 0, -0.0236, 0.5271, 0.4358, 0.4285, 0.3561, 0.3646, 0.2707, 0.2288, (2) 0, -0.041, 0.0434, 0.0881, 0, -0.0834, 0.0147, -0.1283, -0.0357, 0, -0.3216, -0.1548, -0.0243, 0, -0.3489, -0.2152, -0.1554, (2) 0, 0.0795, 0.1536, 0.3128, 0.2065, 0, -0.0347, -0.2104, 0, -0.1177, 0, -0.0797, 0, -0.1238, 0, -0.0023, 0, 0.0908, 0.7925, 0.4363, 0.3188, 0.2409, 0.1621, 0, -0.2051, 0.0771, 0.1916, 0, -0.2376, -0.0283, -0.0497, 0, -0.0391, 0.1732, 0.2301, -0.3224, -0.1235, -0.1346, 0.0513, 0.0308, 0, -0.2329, -0.0075, -0.1231, -0.0636, -0.0139, 0, 0.0672, 0.0449, 0.019, 0, 
		0.6372, 0, 0.0335, 1.0926, 0.7909, 0.6077, 0.5372, 0.4927, 0.527, 0.2315, (2) 0, -0.1016, -0.0075, -0.0184, 0, -0.0495, -0.0024, -0.0305, 0.0494, 0, -0.5441, -0.2063, -0.2296, 0, -0.2705, -0.1424, -0.084, (2) 0, 0.2331, 0.3268, 0.4993, 0.4605, 0, -0.0026, -0.1196, 0, -0.0565, 0, 0.0178, 0, -0.1192, 0, 0.0644, 0, 0.3254, 0.6194, 0.3319, 0.1579, 0.058, 0.1312, 0, -0.2423, 0.0296, 0.0944, 0, -0.3123, -0.0911, -0.1239, 0, 0.0186, 0.0703, -0.3156, -0.3348, -0.2352, -0.2793, -0.2399, -0.1001, 0, -0.3842, -0.1825, -0.2068, -0.1298, -0.0956, 0, 0.1043, 0.034, 0.0592, 0, 
		0.6664, 0, -0.0509, 0.8735, 0.512, 0.4343, 0.3287, 0.4008, 0.3865, 0.2555, (2) 0, -0.1663, 0.0792, 0.0584, 0, -0.0818, 0.014, -0.0274, 0.0879, 0, -0.4601, -0.2499, -0.2869, 0, -0.2763, -0.2131, -0.0931, (2) 0, 0.0878, 0.2458, 0.3967, 0.2581, 0, -0.0073, -0.1223, 0, -0.027, 0, -0.0371, 0, -0.1753, 0, 0.0488, 0, 0.1798, 0.758, 0.5214, 0.3215, 0.1559, 0.1691, 0, -0.3011, -0.0235, 0.0738, 0, -0.2092, 0.0394, -0.0656, 0, -0.0289, 0.2119, -0.0049, -0.3013, -0.0856, -0.2141, -0.0476, -0.0162, 0, -0.2868, -0.192, -0.2759, -0.0054, -0.0972, 0, 0.0928, 0.0665, 0.0519, 0, 
		0.5339, 0, -0.0329, 0.8371, 0.5499, 0.436, 0.4797, 0.475, 0.3614, 0.2926, (2) 0, -0.2156, -0.0177, -0.0119, 0, -0.0161, 0.1331, -0.0057, 0.1409, 0, -0.542, -0.4243, -0.1212, 0, -0.245, -0.0856, 0.0048, (2) 0, 0.1683, 0.3364, 0.4726, 0.2951, 0, -0.0532, -0.1174, 0, -0.0115, 0, -0.1482, 0, -0.0786, 0, -0.0625, 0, 0.1538, 0.637, 0.3938, 0.1162, 0.1088, -0.0254, 0, -0.1376, 0.1521, 0.2629, 0, -0.2115, -0.0116, -0.0049, 0, -0.0635, -0.2123, 0.3759, -0.2822, -0.2988, -0.2297, -0.1453, -0.1345, 0, -0.199, -0.149, -0.0185, -0.0768, 0.1208, 0, 0.1129, 0.0911, 0.0368, 0, 
		0.8081, 0, -0.0241, 0.8012, 0.4882, 0.4151, 0.3928, 0.4104, 0.3952, 0.3829, (2) 0, -0.0499, -0.0234, -0.012, 0, 0.0456, 0.0966, 0.0086, 0.1194, 0, -0.6126, -0.2594, -0.1809, 0, -0.2097, -0.1041, -0.0307, (2) 0, 0.1194, 0.1957, 0.3881, 0.317, 0, -0.1014, -0.1905, 0, -0.0151, 0, -0.0668, 0, -0.0771, 0, 0.0025, 0, 0.1042, 0.6636, 0.431, 0.2286, 0.097, 0.1104, 0, -0.35, -0.0556, 0.1111, 0, -0.2393, 0.0014, -0.0197, 0, 0.0027, 0.0318, 0.2664, -0.2464, -0.1768, -0.1418, -0.0463, -0.1543, 0, -0.2692, -0.0485, -0.0816, 0.0108, 0.0316, 0, 0.1051, 0.0366, 0.0469, 0, 
		0.8593, 0, -0.0231, 0.7086, 0.4581, 0.4588, 0.3546, 0.3878, 0.3457, 0.2577, (2) 0, -0.1465, 0.0343, 0.0118, 0, -0.0201, 0.0195, 0.0131, 0.0579, 0, -0.4992, -0.1826, -0.1981, 0, -0.2002, -0.1082, -0.0251, (2) 0, 0.1413, 0.169, 0.3228, 0.3402, 0, -0.0374, -0.1296, 0, -0.0312, 0, -0.0523, 0, -0.0911, 0, 0.033, 0, -0.0083, 0.5558, 0.3125, 0.0501, 0.0199, -0.0497, 0, -0.2245, 0.0777, 0.1431, 0, -0.3175, -0.0814, -0.0905, 0, 0.0045, 0.3963, 0.4408, -0.2706, -0.2145, -0.1729, -0.0167, -0.1205, 0, -0.1875, 0.0116, 0.0585, 0.0999, 0.3202, 0, 0.0885, 0.034, 0.0269, 0, 
		0.6226, 0, -0.035, 1.0295, 0.7745, 0.6166, 0.5784, 0.4434, 0.3902, 0.3302, (2) 0, -0.1198, 0.0973, 0.0823, 0, -0.0886, 0.0778, -0.0378, 0.1115, 0, -0.5388, -0.4601, -0.1733, 0, -0.2675, -0.116, -0.1083, (2) 0, 0.0162, 0.1507, 0.3394, 0.2027, 0, -0.0042, -0.1362, 0, 0.0038, 0, 0.0765, 0, -0.0918, 0, -0.0168, 0, 0.0672, 0.6702, 0.4293, 0.2159, 0.1062, 0.1051, 0, -0.3125, -0.0274, 0.1067, 0, -0.2352, 0.0361, 0.0002, 0, 0.0262, 0.0042, 0.1425, -0.231, -0.2873, -0.1133, -0.0112, -0.0237, 0, -0.2652, 0.0164, -0.078, 0.011, 0.0741, 0, 0.1111, 0.1062, 0.059, 0, 
		0.8167, 0, -0.0894, 0.7926, 0.5195, 0.4979, 0.3579, 0.3496, 0.3502, 0.268, (2) 0, -0.0195, 0.0169, 0.0352, 0, -0.1404, -0.0134, -0.0355, 0.0566, 0, -0.5883, -0.384, -0.2461, 0, -0.3282, -0.164, -0.1084, (2) 0, 0.1709, 0.2899, 0.4476, 0.4349, 0, -0.0827, -0.1605, 0, -0.0047, 0, -0.1346, 0, -0.0821, 0, 0.0294, 0, 0.2214, 0.738, 0.5431, 0.3287, 0.1188, 0.1642, 0, -0.3747, -0.0814, 0.0353, 0, -0.2095, -0.0058, 0.0228, 0, 0.0004, 0.0406, 0.2084, -0.1924, -0.0941, -0.1006, -0.0661, -0.0771, 0, -0.3426, -0.2584, -0.308, 0.0248, -0.0146, 0, 0.1114, 0.0682, 0.0747, 0, 
		0.8147, 0, -0.0306, 0.755, 0.4849, 0.5048, 0.328, 0.2998, 0.1575, 0.1874, (2) 0, -0.2825, -0.004, -0.0318, 0, -0.1093, -0.0705, -0.0723, 0.0138, 0, -0.5537, -0.4981, -0.1706, 0, -0.2311, -0.155, -0.1051, (2) 0, 0.1588, 0.2704, 0.4458, 0.3556, 0, -0.0098, -0.1054, 0, -0.0042, 0, -0.0171, 0, -0.1327, 0, -0.0176, 0, -0.1062, 0.7228, 0.4526, 0.2454, 0.1581, 0.1028, 0, -0.3049, 0.0064, 0.0499, 0, -0.1939, 0.0229, -0.0083, 0, 0.0172, 0.3336, 0.4895, -0.1646, 0.001, 0.0418, 0.3264, 0.1295, 0, -0.2058, -0.0767, -0.0238, 0.1156, 0.0375, 0, 0.0984, 0.1165, 0.048, 0, 
		0.7845, 0, -0.0992, 0.6188, 0.5231, 0.3718, 0.3431, 0.2868, 0.3562, 0.1747, (2) 0, -0.0955, 0.0777, 0.1184, 0, 0.0556, 0.0698, 0.0037, 0.1106, 0, -0.4738, -0.3406, -0.0943, 0, -0.308, -0.1743, -0.075, (2) 0, 0.1016, 0.2358, 0.4039, 0.2945, 0, -0.0422, -0.1721, 0, 0.0147, 0, -0.0829, 0, -0.13, 0, 0.0274, 0, 0.1161, 0.7311, 0.4597, 0.2617, 0.1873, 0.1715, 0, -0.3046, -0.0017, 0.0837, 0, -0.1764, -0.0663, -0.1025, 0, -0.197, 0.5186, 0.263, -0.1727, -0.0796, 0.0048, -0.0472, 0.1121, 0, -0.3001, -0.1778, -0.2326, -0.1226, 0.0156, 0, 0.0895, 0.0711, 0.0388, 0, 
		1.1332, 0, -0.0456, 0.9293, 0.5397, 0.3533, 0.3105, 0.3398, 0.2076, 0.1194, (2) 0, -0.1725, -0.0013, 0.0551, 0, -0.0815, 0.0814, -0.0051, -0.0224, 0, -0.5953, -0.307, -0.3049, 0, -0.2282, -0.124, -0.0507, (2) 0, 0.1038, 0.2131, 0.4089, 0.3947, 0, -0.1133, -0.1923, 0, -0.0267, 0, -0.1389, 0, -0.1713, 0, 0.0114, 0, -0.2143, 0.4701, 0.2501, 0.0247, -0.0673, 0.0355, 0, -0.2548, 0.0377, 0.082, 0, -0.3293, -0.1352, -0.1251, 0, 0.0036, 0.494, 0.512, -0.1577, -0.0376, -0.0548, 0.1739, 0.1843, 0, 0.0505, 0.0733, 0.1743, 0.1833, 0.094, 0, 0.1102, 0.0757, 0.0837, 0, 
		0.7308, 0, -0.0574, 0.4313, 0.2113, 0.2908, 0.2514, 0.2527, 0.2453, 0.02, (2) 0, -0.0634, 0.0652, 0.0889, 0, -0.1644, -0.0101, -0.0882, 0.1247, 0, -0.3486, -0.2296, 0.0855, 0, -0.2368, -0.0175, -0.0125, (2) 0, 0.1834, 0.3183, 0.5204, 0.4433, 0, -0.0365, -0.1469, 0, 0.0298, 0, -0.0203, 0, -0.1304, 0, 0.0095, 0, -0.221, 0.7147, 0.3823, 0.1442, 0.0256, -0.0313, 0, -0.228, 0.0536, 0.1603, 0, -0.2248, 0.0211, 0.0179, 0, -0.0393, 0.57, 0.5049, -0.1027, -0.0044, -0.0447, 0.1018, 0.2038, 0, -0.1166, 0.0891, 0.116, 0.1978, 0.3897, 0, 0.0701, 0.0474, -0.0141, 0, 
		0.6206, 0, -0.0696, 0.8557, 0.4248, 0.4801, 0.4374, 0.3615, 0.4389, 0.2611, (2) 0, -0.1637, -0.0186, -0.0142, 0, -0.1308, 0.0025, -0.0287, 0.0697, 0, -0.5326, -0.3132, -0.019, 0, -0.2423, -0.1746, -0.1358, (2) 0, 0.1892, 0.3144, 0.4953, 0.3155, 0, -0.0207, -0.1377, 0, -0.066, 0, -0.154, 0, -0.1109, 0, -0.0316, 0, 0.1382, 0.7609, 0.5575, 0.3064, 0.2541, 0.367, 0, -0.2332, 0.0454, 0.135, 0, -0.1026, -0.0296, 0.0249, 0, -0.1747, 0.3556, 0.2067, -0.2547, -0.1811, -0.1563, -0.143, -0.0559, 0, -0.2349, -0.1526, -0.1488, -0.0461, -0.1116, 0, 0.1081, 0.0719, 0.0046, 0, 
		0.9705, 0, -0.0003, 0.8879, 0.5726, 0.3299, 0.3347, 0.29, 0.2834, 0.1182, (2) 0, -0.1732, -0.0496, -0.0074, 0, -0.0812, -0.0027, 0.0143, 0.0599, 0, -0.6471, -0.3255, -0.3828, 0, -0.3056, -0.2208, -0.1227, (2) 0, 0.098, 0.1891, 0.3086, 0.2947, 0, -0.0452, -0.1805, 0, -0.1496, 0, -0.0164, 0, -0.1271, 0, 0.009, 0, -0.0234, 0.6215, 0.4348, 0.2495, 0.1228, 0.1341, 0, -0.2873, 0.0407, 0.0924, 0, -0.2403, -0.0235, -0.0966, 0, -0.0644, 0.1507, -0.086, 0.0213, -0.0488, 0.0048, 0.0978, 0.1319, 0, -0.285, -0.1086, -0.1061, 0.0742, -0.0312, 0, 0.126, 0.0842, 0.0993, 0, 
		0.7647, 0, -0.1028, 0.8495, 0.508, 0.4125, 0.3982, 0.3797, 0.3526, 0.2339, (2) 0, -0.0366, 0.0668, 0.0758, 0, -0.0597, 0.0309, 0.0285, 0.0705, 0, -0.4476, -0.2631, -0.0833, 0, -0.2798, -0.1753, -0.1175, (2) 0, 0.1586, 0.2425, 0.4807, 0.3508, 0, -0.0204, -0.1122, 0, 0.0083, 0, -0.0636, 0, -0.074, 0, -0.016, 0, -0.0417, 0.4882, 0.1926, -0.0347, -0.0219, -0.1454, 0, -0.0966, 0.1604, 0.2777, 0, -0.2515, -0.0581, 0.0148, 0, -0.022, 0.0695, 0.3142, -0.2251, -0.1364, -0.1071, -0.0171, 0.0275, 0, -0.2013, 0.0162, 0.0253, -0.0007, 0.0946, 0, 0.0934, 0.0528, 0.0139, 0, 
		0.784, 0, -0.1167, 1.3063, 0.7821, 0.7107, 0.5993, 0.5455, 0.53, 0.3338, (2) 0, 0.015, -0.001, 0.0353, 0, -0.0733, 0.0046, -0.0885, 0.0526, 0, -0.8325, -0.4493, -0.2045, 0, -0.2726, -0.1963, -0.1535, (2) 0, 0.0184, 0.145, 0.3434, 0.3661, 0, -0.0985, -0.1602, 0, -0.1622, 0, -0.0916, 0, -0.0606, 0, -0.0703, 0, 0.3381, 0.7362, 0.3869, 0.283, 0.1208, 0.2764, 0, -0.2845, 0.016, 0.1394, 0, -0.3301, -0.0188, -0.0261, 0, 0.0486, -0.5196, -0.1308, -0.192, -0.3215, -0.2792, -0.2431, -0.1458, 0, -0.4044, -0.1454, -0.2645, 0.0973, -0.1779, 0, 0.1685, 0.1087, 0.0687, 0, 
		0.7129, 0, -0.043, 0.9741, 0.6712, 0.5733, 0.5142, 0.4712, 0.4971, 0.2921, (2) 0, -0.0407, 0.081, 0.0801, 0, -0.089, 0.0402, -0.002, 0.0742, 0, -0.4938, -0.2786, -0.1997, 0, -0.4094, -0.195, -0.1778, (2) 0, 0.2301, 0.3625, 0.4787, 0.3059, 0, -0.0606, -0.1547, 0, 0.0716, 0, -0.0489, 0, -0.1257, 0, -0.0136, 0, 0.0455, 0.609, 0.2997, 0.111, 0.0089, 0.1365, 0, -0.2293, 0.0017, 0.1137, 0, -0.2654, -0.0949, -0.0667, 0, -0.0793, -0.1245, -0.0633, -0.1845, -0.0838, -0.0794, -0.0994, 0.0954, 0, -0.2175, -0.0587, -0.0469, 0.0902, -0.0843, 0, 0.1154, 0.0719, 0.0583, 0, 
		0.9082, 0, -0.0413, 0.8623, 0.5472, 0.4889, 0.4565, 0.4375, 0.2969, 0.2032, (2) 0, -0.0651, 0.0119, 0.0232, 0, -0.028, 0.049, -0.0024, 0.014, 0, -0.5811, -0.2095, -0.2445, 0, -0.2279, -0.1849, -0.1135, (2) 0, 0.088, 0.1557, 0.3214, 0.2239, 0, -0.0473, -0.1554, 0, -0.0396, 0, -0.1531, 0, -0.1003, 0, -0.0242, 0, 0.0247, 0.5856, 0.2984, 0.1364, 0.0781, -0.1005, 0, -0.3142, 0.0094, 0.0888, 0, -0.215, -0.0121, -0.009, 0, -0.0086, 0.1801, 0.4466, -0.1811, -0.3154, -0.2045, 0.0359, 0.0452, 0, -0.1003, -0.0531, -0.0478, 0.085, 0.2019, 0, 0.1146, 0.0468, 0.0478, 0, 
		0.5433, 0, -0.0361, 0.8776, 0.6117, 0.4814, 0.4671, 0.4524, 0.5056, 0.3123, (2) 0, 0.0218, 0.1266, 0.0874, 0, -0.0479, 0.0259, 0.0093, 0.0733, 0, -0.5626, -0.2479, -0.13, 0, -0.2609, -0.1797, -0.093, (2) 0, 0.162, 0.2278, 0.4203, 0.2941, 0, -0.0226, -0.145, 0, -0.0893, 0, -0.1412, 0, -0.0985, 0, 0.0458, 0, 0.3355, 0.7535, 0.5452, 0.2728, 0.1639, 0.065, 0, -0.2658, 0.0094, 0.1008, 0, -0.2199, -0.0172, 0.0162, 0, -0.0664, 0.9349, -0.403, -0.0797, -0.2397, -0.092, -0.1465, -0.034, 0, -0.5408, -0.3526, -0.2967, -0.1628, -0.0313, 0, 0.1001, 0.0296, 0.0291, 0, 
		0.7876, 0, -0.0167, 0.4431, 0.344, 0.2999, 0.212, 0.2365, 0.2415, 0.1891, (2) 0, -0.0688, 0.0246, 0.0497, 0, -0.0202, 0.0554, -0.0127, 0.0307, 0, -0.391, -0.0821, -0.0987, 0, -0.2204, -0.0824, -0.0535, (2) 0, 0.1339, 0.244, 0.4013, 0.3452, 0, -0.054, -0.1972, 0, -0.0357, 0, -0.0275, 0, -0.0802, 0, 0.0292, 0, -0.0537, 0.5468, 0.2755, 0.1406, 0.0538, 0.0496, 0, -0.1856, 0.0998, 0.1307, 0, -0.1246, 0.0224, 0.0469, 0, -0.1145, 0.5327, 0.1371, -0.0648, -0.0069, 0.072, 0.0563, 0.0372, 0, -0.2423, 0.0639, -0.1382, 0.0659, 0.0562, 0, 0.0642, 0.0102, 0.0152, 0, 
		0.7939, 0, -0.0758, 0.5517, 0.2714, 0.217, 0.1967, 0.1406, 0.0865, 0.031, (2) 0, -0.0633, 0.0138, 0.0649, 0, -0.0537, 0.0968, 0.0112, 0.0752, 0, -0.4623, -0.3023, -0.0748, 0, -0.3158, -0.1762, -0.0291, (2) 0, 0.2062, 0.2661, 0.4736, 0.3748, 0, -0.0656, -0.134, 0, 0.0571, 0, -0.1527, 0, -0.0475, 0, -0.0336, 0, 0.0883, 0.7509, 0.4484, 0.2639, 0.1789, 0.1416, 0, -0.1291, 0.1613, 0.1836, 0, -0.2652, -0.0457, -0.0403, 0, -0.029, 0.2832, 0.2706, 0.0011, -0.0168, 0.0822, 0.1816, 0.0683, 0, -0.419, -0.2371, -0.2558, -0.1785, -0.0385, 0, 0.0783, 0.0761, -0.0051, 0, 
		0.8937, 0, -0.0568, 0.9702, 0.4747, 0.4453, 0.3331, 0.3272, 0.3684, 0.1654, (2) 0, -0.1486, -0.023, -0.0472, 0, -0.0729, -0.0423, -0.0296, 0.0511, 0, -0.5237, -0.2105, -0.0607, 0, -0.2728, -0.1202, -0.0907, (2) 0, 0.1967, 0.2623, 0.4892, 0.2986, 0, -0.0081, -0.1257, 0, -0.0616, 0, -0.1341, 0, -0.1139, 0, -0.0576, 0, 0.0358, 0.4863, 0.282, 0.0892, 0.05, -0.0131, 0, -0.1666, 0.0812, 0.2365, 0, -0.2211, -0.0535, -0.0792, 0, -0.1552, -0.1992, 0.2368, -0.359, -0.2204, -0.1828, -0.0523, -0.0708, 0, -0.1851, -0.0269, 0.0157, 0.161, 0.1995, 0, 0.1001, 0.0267, 0.0305, 0, 
		0.7769, 0, -0.0375, 0.7706, 0.5991, 0.4067, 0.3583, 0.3574, 0.2471, 0.1064, (2) 0, -0.2521, 0.0475, 0.0137, 0, -0.0502, 0.0321, -0.0712, 0.0307, 0, -0.6042, -0.3919, -0.4639, 0, -0.2084, -0.1093, -0.0999, (2) 0, 0.0455, 0.131, 0.2887, 0.1842, 0, -0.0394, -0.0869, 0, -0.0563, 0, -0.1645, 0, -0.1386, 0, -0.0207, 0, 0.1801, 0.8105, 0.5551, 0.3338, 0.3227, 0.2806, 0, -0.2821, -0.0079, 0.1102, 0, -0.2771, -0.0074, -0.007, 0, 0.0084, 0.7991, -0.0376, -0.0403, -0.143, -0.0054, 0.1139, 0.1503, 0, -0.4493, -0.2824, -0.3926, -0.272, -0.0913, 0, 0.1199, 0.0803, 0.1091, 0, 
		0.7058, 0, -0.0374, 0.8173, 0.5733, 0.5498, 0.4593, 0.4882, 0.3748, 0.2899, (2) 0, -0.1397, 0.0736, 0.0519, 0, -0.1027, -0.0003, -0.0411, 0.0578, 0, -0.4072, -0.2473, -0.2818, 0, -0.2285, -0.0899, -0.0414, (2) 0, 0.0071, 0.1738, 0.3267, 0.308, 0, -0.0138, -0.1335, 0, -0.0258, 0, -0.1925, 0, -0.1567, 0, 0.0484, 0, 0.1214, 0.6692, 0.315, 0.1882, 0.0444, 0.079, 0, -0.1504, 0.1414, 0.1576, 0, -0.3103, -0.0421, -0.0908, 0, -0.009, 0.5583, 0.2388, -0.252, -0.144, -0.1459, -0.0509, -0.0139, 0, -0.3466, -0.0429, -0.2367, 0.0327, 0.0352, 0, 0.083, 0.0391, 0.0371, 0, 
		0.8809, 0, -0.1624, 0.8697, 0.5014, 0.3956, 0.324, 0.3405, 0.3679, 0.2325, (2) 0, -0.121, 0.0489, 0.0727, 0, -0.0707, 0.032, -0.0008, 0.0796, 0, -0.5792, -0.414, 0.0338, 0, -0.2579, -0.142, -0.1176, (2) 0, 0.1041, 0.2103, 0.4004, 0.3199, 0, -0.069, -0.1045, 0, 0.0881, 0, -0.0553, 0, -0.1117, 0, 0.0233, 0, 0.1112, 0.731, 0.4431, 0.2193, 0.1854, 0.1183, 0, -0.2632, 0.0319, 0.0932, 0, -0.3808, -0.0683, -0.1182, 0, 0.0312, 0.4666, 0.1429, -0.1192, -0.0922, -0.058, -0.0754, -0.0114, 0, -0.3361, -0.144, -0.1816, -0.2305, -0.107, 0, 0.1062, 0.081, -0.044, 0, 
		0.5181, 0, -0.0113, 0.7419, 0.4457, 0.4535, 0.3721, 0.4314, 0.3598, 0.3075, (2) 0, -0.0578, 0.0698, 0.0524, 0, -0.1372, -0.0148, -0.0461, 0.0526, 0, -0.5092, -0.0708, 0.1149, 0, -0.2338, -0.144, -0.0733, (2) 0, 0.0894, 0.2024, 0.3411, 0.2623, 0, -0.0437, -0.1225, 0, -0.0642, 0, -0.0004, 0, -0.1249, 0, 0.027, 0, 0.4184, 0.8402, 0.5381, 0.2866, 0.2586, 0.2183, 0, -0.2594, 0.0539, 0.1748, 0, -0.224, 0.0043, 0.0433, 0, 0.0174, 0.0311, 0.2128, -0.3689, -0.1899, -0.1485, -0.0904, -0.0427, 0, -0.6148, -0.37, -0.2844, -0.2279, -0.2055, 0, 0.0985, 0.0041, -0.0237, 0, 
		0.8146, 0, -0.0449, 0.6143, 0.4587, 0.4259, 0.2832, 0.4006, 0.2797, 0.27, (2) 0, -0.0826, 0.0302, 0.0418, 0, -0.1213, -0.0387, -0.092, -0.0015, 0, -0.3193, -0.1233, -0.128, 0, -0.316, -0.1818, -0.0518, (2) 0, 0.0789, 0.1346, 0.25, 0.2258, 0, 0.0001, -0.0839, 0, -0.0485, 0, -0.0625, 0, -0.0578, 0, -0.0264, 0, 0.2672, 0.7215, 0.4218, 0.276, 0.1799, 0.1794, 0, -0.1406, 0.1122, 0.1565, 0, -0.23, -0.0784, -0.0741, 0, -0.1007, -0.0152, 0.0171, -0.3086, -0.1909, -0.2626, -0.0961, -0.174, 0, -0.3406, -0.1447, -0.2117, -0.1481, -0.0346, 0, 0.0568, 0.0033, 0.021, 0, 
		0.606, 0, -0.0444, 0.8743, 0.6785, 0.4885, 0.5393, 0.528, 0.375, 0.288, (2) 0, -0.0941, 0.0332, 0.045, 0, -0.1088, 0.0061, 0.0044, 0.04, 0, -0.5402, -0.2535, -0.1547, 0, -0.1714, -0.0597, -0.0179, (2) 0, -0.0194, 0.1736, 0.3717, 0.2705, 0, 0.026, -0.1383, 0, 0.0112, 0, -0.0795, 0, -0.1503, 0, -0.0285, 0, -0.0087, 0.6545, 0.3393, 0.1443, 0.0624, 0.0308, 0, -0.2553, 0.089, 0.1329, 0, -0.184, 0.0376, 0.0779, 0, 0.1057, 0.5807, 0.2861, -0.2268, -0.22, -0.1697, 0.1314, 0.0681, 0, -0.2775, -0.0473, 0.0327, 0.0187, 0.1631, 0, 0.1058, 0.0458, 0.053, 0, 
		0.5638, 0, -0.1196, 1.0219, 0.7763, 0.5736, 0.5288, 0.5294, 0.3673, 0.2226, (2) 0, -0.2649, -0.0256, 0.0463, 0, -0.0893, 0.0793, -0.0166, 0.0482, 0, -0.6533, -0.4623, -0.2183, 0, -0.2669, -0.1526, -0.145, (2) 0, 0.0452, 0.1305, 0.3623, 0.2694, 0, -0.0477, -0.1643, 0, -0.0125, 0, -0.082, 0, -0.1182, 0, 0.0293, 0, 0.3432, 0.8006, 0.5654, 0.3516, 0.1429, 0.1798, 0, -0.1482, 0.165, 0.2421, 0, -0.2135, -0.0029, -0.0245, 0, -0.0666, 0.5731, -0.0024, -0.2184, -0.2589, -0.2416, -0.1538, -0.0271, 0, -0.4067, -0.3388, -0.2949, -0.0818, -0.0109, 0, 0.1316, 0.0971, 0.0356, 0, 
		0.7718, 0, -0.0149, 0.7629, 0.2483, 0.3498, 0.2091, 0.2157, 0.2345, 0.1781, (2) 0, -0.233, 0.0591, 0.0136, 0, -0.1028, -0.0905, -0.0879, 0.0108, 0, -0.5066, -0.2647, -0.0377, 0, -0.2364, -0.1164, -0.0667, (2) 0, 0.1426, 0.2885, 0.4373, 0.2636, 0, -0.0231, -0.0852, 0, -0.0335, 0, -0.1014, 0, -0.1395, 0, -0.0604, 0, 0.0626, 0.7484, 0.4819, 0.385, 0.345, 0.3658, 0, -0.2506, 0.0507, 0.1092, 0, -0.2593, -0.0213, -0.0455, 0, 0.0007, -0.1265, 0.2626, -0.2546, 0.0517, 0.0026, 0.0538, 0.1305, 0, -0.2434, -0.1839, -0.2195, -0.1186, -0.1162, 0, 0.0853, 0.0437, 0.0166, 0, 
		0.7305, 0, -0.0574, 1.0018, 0.5222, 0.4532, 0.4218, 0.5137, 0.4073, 0.3462, (2) 0, -0.1465, 0.0133, 0.055, 0, -0.1038, 0.0737, 0.0068, 0.0375, 0, -0.5191, -0.2183, -0.2056, 0, -0.2881, -0.1634, -0.127, (2) 0, 0.129, 0.2981, 0.4285, 0.3074, 0, 0.046, -0.084, 0, 0.007, 0, -0.015, 0, -0.1291, 0, 0.0063, 0, 0.0589, 0.5866, 0.3612, 0.1089, 0.0772, 0.0481, 0, -0.2664, 0.0129, 0.0762, 0, -0.225, -0.0531, -0.0368, 0, -0.1346, -0.1621, -0.113, -0.2614, -0.1106, -0.2222, 0.0055, -0.1096, 0, -0.1991, -0.0129, -0.0479, 0.0546, 0.129, 0, 0.0977, 0.0491, 0.0561, 0, 
		0.9213, 0, -0.0358, 0.4163, 0.386, 0.3088, 0.289, 0.2603, 0.207, 0.1525, (2) 0, 0.0075, 0.1062, 0.0673, 0, -0.0998, 0.0678, -0.0214, 0.0961, 0, -0.3326, -0.3042, -0.1321, 0, -0.2762, -0.1301, -0.0573, (2) 0, 0.1309, 0.2124, 0.3718, 0.3232, 0, -0.0774, -0.1527, 0, -0.0594, 0, -0.1599, 0, -0.0735, 0, 0.0459, 0, 0.0445, 0.5403, 0.3073, 0.0792, -0.0266, 0.0176, 0, -0.2059, 0.0718, 0.1359, 0, -0.218, -0.0346, -0.0358, 0, -0.0315, 0.1058, 0.1452, -0.1726, -0.1947, -0.1776, -0.0201, -0.0347, 0, -0.255, -0.0964, -0.023, 0.0747, 0.0037, 0, 0.0562, 0.0607, 0.0182, 0, 
		0.9108, 0, -0.0575, 0.7098, 0.6502, 0.5034, 0.3437, 0.3629, 0.3603, 0.2153, (2) 0, -0.0526, 0.0478, 0.0684, 0, -0.0714, 0.0411, -0.059, 0.0082, 0, -0.4819, -0.3142, -0.1809, 0, -0.2934, -0.2177, -0.0664, (2) 0, 0.0197, 0.1263, 0.2287, 0.1885, 0, -0.0504, -0.1428, 0, -0.0286, 0, 0.0017, 0, -0.1021, 0, -0.0357, 0, 0.1967, 0.612, 0.4461, 0.2128, 0.0818, 0.0656, 0, -0.1594, 0.073, 0.1432, 0, -0.2634, -0.1047, -0.0486, 0, -0.1338, 0.267, -0.2619, -0.2829, -0.0978, -0.2134, -0.0457, -0.0119, 0, -0.2335, -0.2192, -0.296, -0.1149, 0.0209, 0, 0.095, 0.0736, 0.0333, 0, 
		0.9535, 0, 0.0077, 0.9906, 0.5624, 0.404, 0.3097, 0.417, 0.3774, 0.2017, (2) 0, -0.1462, 0.0488, 0.0724, 0, -0.0308, 0.0641, -0.0467, 0.0061, 0, -0.6472, -0.3794, -0.1657, 0, -0.1883, -0.1376, -0.1058, (2) 0, 0.0015, 0.1027, 0.2949, 0.1871, 0, 0.0097, -0.1309, 0, -0.0474, 0, 0.0278, 0, -0.1779, 0, -0.0024, 0, -0.1036, 0.6392, 0.3251, 0.2074, -0.0187, 0.0148, 0, -0.268, 0.0161, 0.135, 0, -0.3567, -0.0823, -0.0785, 0, -0.0604, 0.2105, 0.1783, -0.0007, 0.1344, -0.0292, 0.1062, 0.2062, 0, -0.2092, -0.0062, -0.0814, 0.1351, 0.0995, 0, 0.1204, 0.096, 0.041, 0, 
		0.85, 0, -0.0359, 0.8749, 0.5472, 0.3968, 0.2584, 0.2826, 0.2724, 0.0781, (2) 0, -0.2254, 0.075, 0.0527, 0, -0.1507, -0.0172, -0.0577, 0.0725, 0, -0.6308, -0.3661, -0.416, 0, -0.2838, -0.1959, -0.1267, (2) 0, 0.1669, 0.32, 0.4539, 0.3656, 0, -0.0338, -0.1046, 0, 0.0467, 0, -0.0679, 0, -0.1557, 0, 0.0155, 0, -0.2252, 0.6371, 0.3473, 0.2314, 0.1473, 0.1916, 0, -0.2721, -0.0773, 0.0271, 0, -0.0897, 0.0049, -0.0375, 0, -0.1633, 0.2128, 0.5154, 0.1839, 0.1152, 0.1127, 0.1884, 0.3121, 0, -0.135, 0.0653, 0.0473, 0.0577, 0.0904, 0, 0.1187, 0.0757, 0.0845, 0, 
		0.9399, 0, -0.0178, 0.723, 0.4732, 0.4168, 0.3646, 0.4488, 0.3652, 0.2192, (2) 0, -0.1992, -0.0001, 0.0807, 0, -0.1403, 0.0001, -0.0568, -0.0158, 0, -0.3836, -0.128, -0.1697, 0, -0.2722, -0.1748, -0.1018, (2) 0, 0.1013, 0.1892, 0.3935, 0.362, 0, -0.0782, -0.1703, 0, 0.0655, 0, -0.1868, 0, -0.0139, 0, -0.0003, 0, 0.0983, 0.5091, 0.3361, 0.084, -0.0457, -0.1227, 0, -0.2899, 0.0301, 0.087, 0, -0.2745, -0.0113, -0.0043, 0, 0.0604, 0.474, -0.03, -0.3274, -0.3131, -0.3447, -0.1631, -0.1088, 0, -0.1657, -0.0665, 0.0185, 0.1458, 0.3663, 0, 0.0654, 0.0297, 0.0481, 0, 
		0.6511, 0, -0.0269, 0.9466, 0.6903, 0.5152, 0.4724, 0.3984, 0.3937, 0.2386, (2) 0, -0.0697, 0.0466, 0.0611, 0, -0.1004, 0.0206, 0.0068, 0.041, 0, -0.3794, -0.4127, -0.2401, 0, -0.2264, -0.1013, -0.1395, (2) 0, 0.0814, 0.2191, 0.384, 0.2478, 0, -0.0663, -0.1441, 0, 0.0096, 0, -0.138, 0, -0.0906, 0, 0.0059, 0, 0.1496, 0.6927, 0.4139, 0.3193, 0.1494, 0.139, 0, -0.1824, 0.0762, 0.2089, 0, -0.3074, -0.1238, -0.0981, 0, -0.0542, -0.1108, 0.2898, -0.2808, -0.1858, -0.1528, -0.0147, 0.0152, 0, -0.1827, -0.1008, -0.2421, -0.038, -0.0326, 0, 0.0735, 0.0861, 0.0517, 0, 

	};


	 //EN Mean main coefficients for HUI model built on CCHS data
	double	HuiModel3MeanMainLinearPred[BOOTSTRAP_INDEX_39][HUI_MODEL3_LINEAR_PREDICTOR] = {
		0.8128, 0, -0.1366, 1.2946, 1.0645, 0.978, 0.7703, 0.6424, 0.7323, 0.5568, (2) 0, -0.1904, 0.047, 0.1074, 0, 0.1527, 0.2913, 0.0862, 0.1099, 0, -0.6174, -0.2051, -0.0914, 0, -0.4566, -0.2972, -0.123, (2) 0, -0.0651, 0.145, 0.2466, 0.1639, 0, -0.02, -0.2325, 0, -0.1677, 0, -0.2612, 0, -0.2069, 0, -0.0691, 0, 0.1311, 1.7752, 1.2919, 0.9519, 0.7279, 0.5117, 0, -0.3395, 0.0309, 0.0956, 0, -0.2922, -0.2158, -0.0769, 0, -0.3973, -0.4444, -0.2017, -0.576, -0.3681, -0.215, -0.2562, -0.0905, 0, -0.6142, -0.4188, -0.3546, -0.3655, -0.2238, 0, 0.0985, 0.0354, 0.0054, 0, 
		0.9818, 0, -0.1295, 1.1885, 0.9697, 0.8621, 0.6572, 0.5398, 0.638, 0.4985, (2) 0, -0.1595, 0.0332, 0.0889, 0, 0.169, 0.3255, 0.0924, 0.1019, 0, -0.6248, -0.2265, -0.1162, 0, -0.4674, -0.3358, -0.1304, (2) 0, -0.0738, 0.132, 0.2588, 0.1793, 0, -0.0356, -0.2586, 0, -0.1238, 0, -0.2925, 0, -0.2413, 0, -0.0644, 0, 0.0971, 1.8442, 1.2984, 1.001, 0.6937, 0.5944, 0, -0.3978, 0.0047, 0.0883, 0, -0.3961, -0.2286, -0.1065, 0, -0.3196, -0.3249, -0.127, -0.5164, -0.2966, -0.1479, -0.161, -0.0701, 0, -0.7239, -0.4332, -0.4119, -0.3563, -0.2934, 0, 0.0906, 0.0407, 0.0118, 0, 
		0.9057, 0, -0.149, 1.1449, 1.0163, 0.8508, 0.7127, 0.5917, 0.6368, 0.4428, (2) 0, -0.2054, 0.0703, 0.1298, 0, 0.1391, 0.3156, 0.1282, 0.0891, 0, -0.6225, -0.2184, -0.1072, 0, -0.4494, -0.2607, -0.1142, (2) 0, -0.0977, 0.0768, 0.1754, 0.0785, 0, 0.0403, -0.1995, 0, -0.1778, 0, -0.1729, 0, -0.2551, 0, -0.073, 0, 0.1662, 1.8003, 1.3311, 0.9669, 0.7629, 0.4644, 0, -0.3831, -0.0215, 0.0324, 0, -0.2551, -0.2109, -0.0659, 0, -0.4781, -0.3258, -0.3845, -0.4517, -0.3491, -0.2002, -0.2059, 0.0429, 0, -0.6573, -0.4389, -0.4082, -0.42, -0.2687, 0, 0.0935, 0.0313, 0.0073, 0, 
		0.8531, 0, -0.1522, 1.1441, 1.0049, 0.93, 0.7151, 0.5847, 0.6646, 0.5331, (2) 0, -0.1681, 0.0283, 0.1026, 0, 0.0834, 0.2142, 0.0365, 0.0838, 0, -0.5604, -0.1646, -0.0565, 0, -0.4653, -0.2827, -0.1368, (2) 0, -0.0596, 0.1162, 0.2166, 0.1729, 0, 0.0002, -0.2544, 0, -0.144, 0, -0.2502, 0, -0.2238, 0, -0.0779, 0, 0.1134, 1.9114, 1.366, 1.0247, 0.7893, 0.623, 0, -0.3088, 0.0532, 0.1471, 0, -0.3616, -0.2766, -0.1074, 0, -0.3956, -0.3718, -0.156, -0.5065, -0.2685, -0.1, -0.1777, -0.0733, 0, -0.7197, -0.4009, -0.3882, -0.402, -0.2481, 0, 0.0926, 0.0315, 0.0019, 0, 
		0.9213, 0, -0.1054, 1.3805, 1.1034, 1.0683, 0.8524, 0.7257, 0.7785, 0.6217, (2) 0, -0.2345, 0.0288, 0.0726, 0, 0.164, 0.2621, 0.0448, 0.0972, 0, -0.6233, -0.1633, -0.1535, 0, -0.4581, -0.2803, -0.15, (2) 0, -0.0371, 0.1709, 0.2761, 0.193, 0, -0.0316, -0.248, 0, -0.1826, 0, -0.2167, 0, -0.1857, 0, -0.0449, 0, 0.1437, 1.7047, 1.1965, 0.8476, 0.6524, 0.4031, 0, -0.337, 0.0066, 0.0806, 0, -0.3145, -0.2575, -0.147, 0, -0.4556, -0.2728, -0.3208, -0.7071, -0.4379, -0.3533, -0.3472, -0.1854, 0, -0.584, -0.371, -0.2649, -0.3201, -0.1531, 0, 0.0969, 0.021, 0.0147, 0, 
		0.8112, 0, -0.1189, 1.2643, 1.0461, 0.9643, 0.7329, 0.647, 0.6855, 0.5418, (2) 0, -0.1162, 0.0864, 0.1376, 0, 0.2194, 0.2753, 0.1248, 0.1457, 0, -0.6592, -0.2163, -0.1344, 0, -0.481, -0.3452, -0.1813, (2) 0, -0.0874, 0.1607, 0.2538, 0.1056, 0, -0.0103, -0.242, 0, -0.1824, 0, -0.2484, 0, -0.2407, 0, -0.0752, 0, 0.1052, 1.7959, 1.2949, 0.9983, 0.7069, 0.5576, 0, -0.3363, 0.0135, 0.0734, 0, -0.2895, -0.2045, -0.0713, 0, -0.3971, -0.5502, -0.0922, -0.5233, -0.3129, -0.2488, -0.2044, -0.0214, 0, -0.6562, -0.4208, -0.4526, -0.3665, -0.2888, 0, 0.1057, 0.0493, 0.0052, 0, 
		0.6239, 0, -0.1189, 1.3658, 1.0898, 1.0122, 0.8303, 0.6617, 0.7756, 0.5951, (2) 0, -0.194, 0.0682, 0.0929, 0, 0.2012, 0.3282, 0.1063, 0.1627, 0, -0.6827, -0.2381, -0.0395, 0, -0.428, -0.2614, -0.0935, (2) 0, -0.029, 0.2048, 0.2947, 0.2427, 0, -0.0082, -0.1925, 0, -0.1668, 0, -0.3007, 0, -0.2134, 0, -0.0439, 0, 0.1608, 1.7446, 1.2745, 0.9066, 0.6794, 0.4768, 0, -0.2564, 0.1053, 0.1836, 0, -0.3151, -0.232, -0.0876, 0, -0.3954, -0.4233, -0.2373, -0.5335, -0.4614, -0.238, -0.3183, -0.1393, 0, -0.6203, -0.451, -0.3179, -0.3245, -0.2221, 0, 0.116, 0.0428, 0.0006, 0, 
		0.7825, 0, -0.1134, 1.299, 1.0394, 0.9698, 0.7813, 0.6309, 0.7462, 0.5909, (2) 0, -0.1209, 0.068, 0.1319, 0, 0.196, 0.3504, 0.0968, 0.0881, 0, -0.6466, -0.2354, -0.1547, 0, -0.4563, -0.3048, -0.0807, (2) 0, -0.0094, 0.1942, 0.2884, 0.1927, 0, -0.0254, -0.2371, 0, -0.1176, 0, -0.1817, 0, -0.2349, 0, -0.0638, 0, 0.133, 1.7615, 1.2853, 0.9243, 0.7471, 0.4469, 0, -0.3478, -0.0218, 0.1032, 0, -0.3465, -0.2307, -0.0766, 0, -0.3958, -0.5131, -0.3082, -0.5497, -0.4042, -0.213, -0.3075, -0.1218, 0, -0.6281, -0.4013, -0.3419, -0.3934, -0.1796, 0, 0.1093, 0.0342, 0.0333, 0, 
		0.853, 0, -0.1235, 1.2989, 1.0685, 1.0029, 0.7498, 0.6592, 0.7583, 0.5065, (2) 0, -0.2075, 0.0663, 0.1122, 0, 0.1464, 0.2971, 0.1067, 0.082, 0, -0.6284, -0.2398, -0.1073, 0, -0.4126, -0.242, -0.0806, (2) 0, -0.0604, 0.1269, 0.211, 0.1106, 0, -0.0179, -0.2084, 0, -0.2046, 0, -0.2705, 0, -0.1893, 0, -0.0475, 0, -0.0172, 1.6493, 1.1675, 0.8098, 0.6663, 0.4248, 0, -0.3083, 0.0598, 0.1238, 0, -0.2691, -0.23, -0.0456, 0, -0.4386, -0.1212, -0.067, -0.5308, -0.3404, -0.1764, -0.2456, -0.0546, 0, -0.5146, -0.3393, -0.2455, -0.3791, -0.1709, 0, 0.1045, 0.0413, 0.0013, 0, 
		0.7529, 0, -0.1415, 1.4853, 1.316, 1.1455, 0.9679, 0.7705, 0.7911, 0.6065, (2) 0, -0.17, 0.081, 0.1242, 0, 0.1623, 0.266, 0.0572, 0.0951, 0, -0.6177, -0.2882, -0.171, 0, -0.4818, -0.2955, -0.16, (2) 0, -0.114, 0.111, 0.2221, 0.103, 0, 0.019, -0.2497, 0, -0.1394, 0, -0.2322, 0, -0.1696, 0, -0.0499, 0, 0.0661, 1.6595, 1.1757, 0.8123, 0.559, 0.4449, 0, -0.3492, 0.0316, 0.1116, 0, -0.2898, -0.1551, -0.0021, 0, -0.3282, -0.5519, -0.3508, -0.5878, -0.516, -0.3107, -0.3232, -0.1314, 0, -0.4602, -0.2592, -0.2568, -0.1667, -0.1427, 0, 0.1116, 0.0591, 0.0381, 0, 
		0.8537, 0, -0.1532, 1.3167, 1.0517, 0.9695, 0.7308, 0.5788, 0.7211, 0.5678, (2) 0, -0.1646, 0.0895, 0.1325, 0, 0.1542, 0.2398, 0.0718, 0.108, 0, -0.6622, -0.2139, -0.127, 0, -0.4513, -0.288, -0.0869, (2) 0, -0.05, 0.1579, 0.2605, 0.1866, 0, -0.0417, -0.2671, 0, -0.1325, 0, -0.2466, 0, -0.1891, 0, -0.0734, 0, 0.007, 1.8371, 1.3705, 1.0344, 0.7557, 0.5667, 0, -0.4118, -0.0672, 0.0041, 0, -0.2984, -0.2114, -0.045, 0, -0.4114, -0.5018, -0.1817, -0.4224, -0.1737, 0.0293, -0.1196, 0.0098, 0, -0.6673, -0.436, -0.4244, -0.4016, -0.1729, 0, 0.1087, 0.034, 0.0153, 0, 
		1.0269, 0, -0.1549, 1.2195, 0.9933, 0.945, 0.7403, 0.5569, 0.5709, 0.4783, (2) 0, -0.1491, 0.0249, 0.0668, 0, 0.1631, 0.2727, 0.0811, 0.0964, 0, -0.5786, -0.2401, -0.1394, 0, -0.4859, -0.3183, -0.167, (2) 0, -0.0473, 0.1443, 0.2656, 0.1823, 0, -0.0383, -0.2708, 0, -0.1662, 0, -0.2847, 0, -0.2071, 0, -0.0817, 0, -0.0756, 1.7178, 1.2123, 0.8642, 0.6464, 0.5471, 0, -0.3549, 0.019, 0.0649, 0, -0.2938, -0.219, -0.0786, 0, -0.3262, -0.439, -0.0013, -0.539, -0.2786, -0.1109, -0.0747, 0.0154, 0, -0.5219, -0.2867, -0.208, -0.2045, -0.1806, 0, 0.0931, 0.046, 0.0202, 0, 
		0.839, 0, -0.1525, 1.252, 1.0491, 0.9941, 0.7718, 0.6106, 0.7527, 0.532, (2) 0, -0.164, 0.0592, 0.1494, 0, 0.1569, 0.3141, 0.1032, 0.1321, 0, -0.5927, -0.2419, -0.0115, 0, -0.438, -0.3045, -0.0982, (2) 0, -0.0794, 0.1233, 0.2227, 0.1579, 0, 0.0057, -0.2235, 0, -0.1279, 0, -0.2025, 0, -0.208, 0, -0.0476, 0, 0.1434, 1.786, 1.2897, 0.9872, 0.7395, 0.5143, 0, -0.4067, -0.0426, 0.0514, 0, -0.2774, -0.2255, -0.0438, 0, -0.4372, -0.4892, -0.1812, -0.5764, -0.3664, -0.1364, -0.2706, -0.057, 0, -0.6189, -0.4856, -0.4456, -0.444, -0.2718, 0, 0.0927, 0.0404, -0.0171, 0, 
		1.0951, 0, -0.1203, 1.3342, 1.0892, 0.9054, 0.7518, 0.6282, 0.6997, 0.5268, (2) 0, -0.2019, 0.0581, 0.1146, 0, 0.1321, 0.3085, 0.0772, 0.0865, 0, -0.7163, -0.1881, -0.1838, 0, -0.4208, -0.2853, -0.1328, (2) 0, -0.1114, 0.1193, 0.1903, 0.1537, 0, -0.0257, -0.2503, 0, -0.1245, 0, -0.2582, 0, -0.2325, 0, -0.0687, 0, -0.0689, 1.6006, 1.1582, 0.8029, 0.5551, 0.4487, 0, -0.3864, 0.0322, 0.0397, 0, -0.3089, -0.2558, -0.1203, 0, -0.3882, -0.2335, -0.1002, -0.5011, -0.3174, -0.2332, -0.2382, -0.0795, 0, -0.3787, -0.2695, -0.1978, -0.1891, -0.1614, 0, 0.1096, 0.0349, 0.0231, 0, 
		0.7666, 0, -0.1502, 1.1736, 0.9235, 0.8917, 0.7387, 0.6244, 0.7389, 0.5277, (2) 0, -0.1656, 0.0715, 0.1275, 0, 0.099, 0.2795, 0.0715, 0.1225, 0, -0.5691, -0.1365, 0.0695, 0, -0.451, -0.2508, -0.1126, (2) 0, 0.0059, 0.2142, 0.3282, 0.2165, 0, -0.0484, -0.2471, 0, -0.1225, 0, -0.2747, 0, -0.1846, 0, -0.0742, 0, 0.0899, 1.8173, 1.2772, 0.9957, 0.7315, 0.5542, 0, -0.3352, 0.0056, 0.0645, 0, -0.263, -0.1859, -0.0685, 0, -0.4449, -0.319, -0.1214, -0.6335, -0.4165, -0.277, -0.3165, -0.0849, 0, -0.5729, -0.3181, -0.257, -0.3297, -0.2022, 0, 0.0832, 0.0198, -0.041, 0, 
		0.6604, 0, -0.1367, 1.3976, 1.1119, 1.0729, 0.8555, 0.7186, 0.8076, 0.6184, (2) 0, -0.1494, 0.0429, 0.124, 0, 0.1279, 0.2846, 0.0822, 0.1434, 0, -0.6726, -0.2279, -0.0568, 0, -0.4561, -0.3049, -0.1197, (2) 0, -0.0247, 0.2223, 0.3109, 0.1851, 0, -0.0186, -0.2169, 0, -0.1697, 0, -0.2792, 0, -0.1797, 0, -0.051, 0, 0.1384, 1.7879, 1.3104, 0.9546, 0.7372, 0.5834, 0, -0.3252, 0.0586, 0.0973, 0, -0.2921, -0.2457, -0.0668, 0, -0.4409, -0.2874, -0.3169, -0.5768, -0.3423, -0.2309, -0.3111, -0.099, 0, -0.6348, -0.4085, -0.3665, -0.3581, -0.2388, 0, 0.114, 0.0473, -0.0037, 0, 
		0.9273, 0, -0.1028, 1.1186, 1.0275, 0.8476, 0.6957, 0.5636, 0.6479, 0.4775, (2) 0, -0.2167, 0.0164, 0.0665, 0, 0.1657, 0.3044, 0.1022, 0.1461, 0, -0.6313, -0.1569, -0.0585, 0, -0.4717, -0.3405, -0.1525, (2) 0, -0.0528, 0.1538, 0.2592, 0.1915, 0, -0.0219, -0.2637, 0, -0.229, 0, -0.279, 0, -0.2202, 0, -0.0781, 0, 0.0601, 1.7549, 1.2611, 0.9447, 0.6937, 0.4944, 0, -0.3077, 0.067, 0.1127, 0, -0.2772, -0.2204, -0.0989, 0, -0.4251, -0.3554, -0.0439, -0.4634, -0.3351, -0.1367, -0.212, 0.0414, 0, -0.6422, -0.4158, -0.3084, -0.3615, -0.1646, 0, 0.0921, 0.0215, 0.0045, 0, 
		0.8097, 0, -0.1463, 1.4038, 1.1478, 1.0565, 0.8972, 0.7142, 0.8396, 0.6122, (2) 0, -0.1291, 0.0702, 0.1176, 0, 0.1523, 0.3136, 0.0951, 0.1141, 0, -0.5977, -0.2007, -0.1203, 0, -0.447, -0.2735, -0.1269, (2) 0, -0.0892, 0.1092, 0.2471, 0.1187, 0, -0.0026, -0.2062, 0, -0.1683, 0, -0.2108, 0, -0.2294, 0, -0.0652, 0, 0.1608, 1.7238, 1.2172, 0.8462, 0.6693, 0.3738, 0, -0.3615, 0.0025, 0.091, 0, -0.3645, -0.2463, -0.1044, 0, -0.326, -0.7401, -0.3144, -0.6072, -0.49, -0.264, -0.3594, -0.1483, 0, -0.5701, -0.3934, -0.2738, -0.3422, -0.172, 0, 0.1082, 0.0427, 0.0297, 0, 
		0.8998, 0, -0.1385, 1.505, 1.1407, 1.0358, 0.8369, 0.7039, 0.7968, 0.5801, (2) 0, -0.1423, 0.0682, 0.1243, 0, 0.1434, 0.2862, 0.0466, 0.117, 0, -0.731, -0.1957, -0.1312, 0, -0.4599, -0.3033, -0.1621, (2) 0, -0.0814, 0.1271, 0.2399, 0.1421, 0, -0.0366, -0.2607, 0, -0.1341, 0, -0.194, 0, -0.2169, 0, -0.0475, 0, 0.0924, 1.7312, 1.2054, 0.8853, 0.6272, 0.4449, 0, -0.3893, 0.0237, 0.1095, 0, -0.3536, -0.2, -0.082, 0, -0.2827, -0.7476, -0.1701, -0.5455, -0.4103, -0.2364, -0.3249, -0.1083, 0, -0.6005, -0.3151, -0.2902, -0.2585, -0.1674, 0, 0.1081, 0.0267, 0.0128, 0, 
		0.7016, 0, -0.1495, 1.4536, 1.2645, 1.1172, 0.9115, 0.7659, 0.8216, 0.6111, (2) 0, -0.1545, 0.0508, 0.1158, 0, 0.1636, 0.2501, 0.0957, 0.1563, 0, -0.6502, -0.2193, -0.1625, 0, -0.5315, -0.3488, -0.1962, (2) 0, -0.0373, 0.1492, 0.272, 0.1145, 0, 0.002, -0.2416, 0, -0.2126, 0, -0.1988, 0, -0.1683, 0, -0.1193, 0, 0.118, 1.7858, 1.2948, 0.9682, 0.6943, 0.5521, 0, -0.3274, 0.0545, 0.0892, 0, -0.2567, -0.223, -0.0387, 0, -0.4446, -0.3214, -0.3405, -0.5908, -0.39, -0.2664, -0.3292, -0.0544, 0, -0.5595, -0.3898, -0.3149, -0.2573, -0.2818, 0, 0.1176, 0.0514, 0.026, 0, 
		0.8973, 0, -0.1237, 1.3797, 1.0496, 0.9891, 0.7515, 0.6182, 0.6829, 0.5353, (2) 0, -0.1929, 0.0322, 0.1052, 0, 0.1471, 0.2581, 0.106, 0.0646, 0, -0.6823, -0.1642, -0.1562, 0, -0.4351, -0.3036, -0.1146, (2) 0, -0.0549, 0.1322, 0.2416, 0.1445, 0, -0.0285, -0.2628, 0, -0.1336, 0, -0.3224, 0, -0.186, 0, -0.0846, 0, -0.0027, 1.7536, 1.2146, 0.9265, 0.655, 0.4431, 0, -0.3505, -0.0019, 0.0829, 0, -0.2794, -0.2073, -0.0586, 0, -0.4068, -0.2203, -0.0797, -0.5364, -0.295, -0.1742, -0.161, -0.0507, 0, -0.5941, -0.2843, -0.2896, -0.2418, -0.1306, 0, 0.1153, 0.0348, 0.0142, 0, 
		0.7244, 0, -0.1642, 1.3887, 1.1186, 1.0313, 0.8181, 0.7094, 0.8091, 0.5792, (2) 0, -0.0835, 0.0719, 0.1201, 0, 0.195, 0.2898, 0.0609, 0.0562, 0, -0.6537, -0.209, -0.1023, 0, -0.484, -0.3388, -0.1528, (2) 0, -0.0294, 0.1387, 0.2442, 0.1763, 0, -0.0024, -0.2549, 0, -0.1906, 0, -0.3234, 0, -0.1969, 0, -0.052, 0, 0.2953, 1.8462, 1.3772, 1.0677, 0.7963, 0.5983, 0, -0.407, 0.0001, 0.0989, 0, -0.3021, -0.221, -0.0358, 0, -0.3883, -0.4837, -0.2603, -0.5867, -0.3985, -0.296, -0.3916, -0.1085, 0, -0.7356, -0.5632, -0.5045, -0.5329, -0.2251, 0, 0.1118, 0.0363, 0.0098, 0, 
		0.8594, 0, -0.1415, 1.154, 1.0765, 0.9656, 0.7653, 0.6282, 0.7533, 0.5943, (2) 0, -0.2463, 0.019, 0.077, 0, 0.1415, 0.3125, 0.1004, 0.092, 0, -0.518, -0.0856, -0.0878, 0, -0.4348, -0.2746, -0.1198, (2) 0, -0.0494, 0.1831, 0.29, 0.2065, 0, -0.0576, -0.2743, 0, -0.1333, 0, -0.2515, 0, -0.1703, 0, -0.0712, 0, 0.0627, 1.6661, 1.1791, 0.8713, 0.6425, 0.4629, 0, -0.3265, 0.0499, 0.1073, 0, -0.3213, -0.2036, -0.0707, 0, -0.3354, -0.2497, -0.3551, -0.57, -0.381, -0.1689, -0.2646, -0.1043, 0, -0.593, -0.3397, -0.3088, -0.3147, -0.2199, 0, 0.0822, 0.0147, 0.0025, 0, 
		0.7893, 0, -0.1714, 1.2507, 1.0407, 0.9109, 0.7845, 0.5855, 0.6551, 0.5403, (2) 0, -0.2394, 0.024, 0.1301, 0, 0.1452, 0.2914, 0.078, 0.0883, 0, -0.5718, -0.1947, 0.0309, 0, -0.4786, -0.3102, -0.1171, (2) 0, -0.0432, 0.1708, 0.2757, 0.1953, 0, -0.0387, -0.217, 0, -0.1253, 0, -0.287, 0, -0.1622, 0, -0.0248, 0, 0.0981, 1.8589, 1.3639, 0.9844, 0.7753, 0.5708, 0, -0.3169, 0.0549, 0.0913, 0, -0.314, -0.2349, -0.0778, 0, -0.3434, -0.5605, 0.0962, -0.4596, -0.3457, -0.1786, -0.2233, -0.1296, 0, -0.6267, -0.4581, -0.342, -0.3725, -0.2134, 0, 0.0892, 0.0326, -0.0238, 0, 
		0.9099, 0, -0.1471, 1.3859, 1.1062, 1.0358, 0.8236, 0.6126, 0.7572, 0.5767, (2) 0, -0.2189, 0.0913, 0.1263, 0, 0.179, 0.3004, 0.1044, 0.1331, 0, -0.6312, -0.2131, -0.0153, 0, -0.4542, -0.2791, -0.1003, (2) 0, -0.0338, 0.1435, 0.2503, 0.2005, 0, 0.0354, -0.2079, 0, -0.1808, 0, -0.2621, 0, -0.2574, 0, -0.0395, 0, -0.0311, 1.5201, 1.0469, 0.6738, 0.5772, 0.2638, 0, -0.3123, 0.0865, 0.1496, 0, -0.3656, -0.2311, -0.0968, 0, -0.2913, -0.6123, -0.0386, -0.6311, -0.4894, -0.2135, -0.2714, -0.1394, 0, -0.434, -0.212, -0.0972, -0.2376, -0.0551, 0, 0.102, 0.0267, -0.011, 0, 
		0.6978, 0, -0.1377, 1.406, 1.1508, 1.0312, 0.8298, 0.6794, 0.7864, 0.5028, (2) 0, -0.1822, 0.0761, 0.1135, 0, 0.2064, 0.3209, 0.118, 0.1446, 0, -0.6392, -0.307, -0.1999, 0, -0.419, -0.2769, -0.0924, (2) 0, -0.112, 0.1152, 0.2139, 0.0519, 0, 0.0015, -0.1763, 0, -0.1883, 0, -0.2414, 0, -0.1915, 0, -0.051, 0, 0.0982, 1.7821, 1.3043, 0.9589, 0.7836, 0.48, 0, -0.343, 0.0137, 0.0836, 0, -0.2694, -0.2007, -0.075, 0, -0.4164, -0.1688, -0.2522, -0.5738, -0.3698, -0.1529, -0.2905, 0.0143, 0, -0.596, -0.4105, -0.3779, -0.4403, -0.2906, 0, 0.1115, 0.0682, 0.0326, 0, 
		0.8436, 0, -0.1267, 1.2483, 1.0279, 0.9543, 0.7425, 0.6556, 0.7541, 0.5259, (2) 0, -0.114, 0.0828, 0.1287, 0, 0.1762, 0.2786, 0.0754, 0.1177, 0, -0.5943, -0.1975, -0.1308, 0, -0.452, -0.2546, -0.1129, (2) 0, -0.0636, 0.1568, 0.2161, 0.1346, 0, -0.0213, -0.2058, 0, -0.159, 0, -0.2519, 0, -0.204, 0, -0.0777, 0, 0.1261, 1.7531, 1.2319, 0.9229, 0.6913, 0.4408, 0, -0.3406, 0.0648, 0.0861, 0, -0.3142, -0.2365, -0.1036, 0, -0.3856, -0.2387, -0.1302, -0.5352, -0.3217, -0.2051, -0.2898, -0.0609, 0, -0.6613, -0.4135, -0.4123, -0.4001, -0.2838, 0, 0.0892, 0.0375, 0.0046, 0, 
		0.8387, 0, -0.1358, 1.3243, 1.0119, 0.9839, 0.7538, 0.6465, 0.7727, 0.4896, (2) 0, -0.1943, 0.0739, 0.1334, 0, 0.1748, 0.3301, 0.118, 0.1351, 0, -0.6654, -0.2624, 0.0448, 0, -0.4084, -0.2419, -0.05, (2) 0, -0.0815, 0.1314, 0.2358, 0.1651, 0, -0.0314, -0.2304, 0, -0.1924, 0, -0.2583, 0, -0.245, 0, -0.0562, 0, 0.0194, 1.7409, 1.2361, 0.8773, 0.6338, 0.4486, 0, -0.3831, 0.0091, 0.0696, 0, -0.3377, -0.2213, -0.0883, 0, -0.3727, -0.4013, -0.0982, -0.5607, -0.3107, -0.1853, -0.252, 0.0127, 0, -0.5961, -0.3387, -0.2412, -0.1962, -0.1207, 0, 0.1086, 0.046, -0.0253, 0, 
		0.7937, 0, -0.1507, 1.3168, 1.0853, 1, 0.7871, 0.6695, 0.7287, 0.6162, (2) 0, -0.2523, 0.0307, 0.0846, 0, 0.1447, 0.2838, 0.1056, 0.1097, 0, -0.5945, -0.1072, -0.0127, 0, -0.468, -0.2884, -0.1323, (2) 0, -0.114, 0.0865, 0.1809, 0.113, 0, -0.025, -0.2135, 0, -0.1877, 0, -0.2731, 0, -0.1606, 0, -0.0771, 0, 0.1921, 1.8078, 1.2989, 0.9593, 0.7565, 0.5272, 0, -0.343, 0.0314, 0.1152, 0, -0.2767, -0.1932, -0.0555, 0, -0.4813, -0.7981, -0.3302, -0.6707, -0.4703, -0.2937, -0.2734, -0.1166, 0, -0.6471, -0.4321, -0.2692, -0.3452, -0.2726, 0, 0.0986, 0.0099, -0.0082, 0, 
		0.8633, 0, -0.1348, 1.2184, 1.0866, 1.059, 0.8042, 0.7039, 0.7344, 0.5816, (2) 0, -0.2116, 0.021, 0.0893, 0, 0.1176, 0.2789, 0.0626, 0.0885, 0, -0.5896, -0.1068, -0.1452, 0, -0.5027, -0.3134, -0.1605, (2) 0, -0.0726, 0.1315, 0.2117, 0.2274, 0, 0.0027, -0.2274, 0, -0.1885, 0, -0.328, 0, -0.2344, 0, -0.0634, 0, 0.1258, 1.7732, 1.3114, 0.9521, 0.7571, 0.5577, 0, -0.4044, -0.025, 0.0529, 0, -0.2734, -0.2298, -0.0966, 0, -0.3509, -0.4413, -0.1222, -0.6717, -0.4, -0.3066, -0.276, -0.0923, 0, -0.597, -0.4149, -0.2633, -0.3581, -0.2061, 0, 0.1005, 0.0083, 0.0185, 0, 
		0.8205, 0, -0.1072, 1.1729, 0.9752, 0.8458, 0.6791, 0.5781, 0.6275, 0.4873, (2) 0, -0.2705, 0.0349, 0.1006, 0, 0.1451, 0.2838, 0.1227, 0.116, 0, -0.5521, -0.1107, -0.0652, 0, -0.4179, -0.2573, -0.0715, (2) 0, -0.0655, 0.1466, 0.2715, 0.1693, 0, -0.0026, -0.2077, 0, -0.1673, 0, -0.2479, 0, -0.2663, 0, -0.0716, 0, -0.087, 1.7325, 1.2532, 0.9373, 0.7379, 0.4571, 0, -0.323, 0.0676, 0.1295, 0, -0.305, -0.1959, -0.0181, 0, -0.2968, -0.4871, -0.144, -0.5032, -0.3274, -0.1935, -0.1358, -0.0513, 0, -0.4549, -0.2456, -0.2026, -0.2516, -0.1036, 0, 0.085, 0.0102, -0.01, 0, 
		0.6878, 0, -0.1658, 1.4482, 1.2076, 1.0831, 0.9127, 0.8115, 0.808, 0.6556, (2) 0, -0.2263, 0.0294, 0.0956, 0, 0.1725, 0.2874, 0.1018, 0.1332, 0, -0.6528, -0.2029, -0.1197, 0, -0.4632, -0.2576, -0.1081, (2) 0, -0.0543, 0.1229, 0.2626, 0.1897, 0, -0.0356, -0.2721, 0, -0.1559, 0, -0.3002, 0, -0.2111, 0, -0.0397, 0, 0.1441, 1.7314, 1.2686, 0.948, 0.6893, 0.436, 0, -0.3641, 0.0286, 0.1016, 0, -0.2339, -0.1368, 0.0085, 0, -0.3461, -0.5359, -0.2491, -0.6578, -0.4809, -0.3825, -0.3026, -0.2097, 0, -0.5538, -0.3519, -0.3097, -0.3099, -0.0736, 0, 0.1136, 0.0366, 0.0142, 0, 
		0.8797, 0, -0.1679, 1.245, 0.9368, 0.9421, 0.7258, 0.5436, 0.6535, 0.5131, (2) 0, -0.2881, 0.0585, 0.1166, 0, 0.1384, 0.2386, 0.0709, 0.103, 0, -0.5728, -0.1706, -0.0329, 0, -0.453, -0.2839, -0.1265, (2) 0, -0.0632, 0.1728, 0.26, 0.1559, 0, -0.0291, -0.24, 0, -0.2018, 0, -0.2406, 0, -0.1646, 0, -0.0893, 0, 0.0856, 1.8024, 1.3185, 0.9826, 0.7838, 0.5814, 0, -0.3898, 0.0204, 0.0485, 0, -0.2936, -0.2274, -0.0572, 0, -0.3489, -0.3457, -0.043, -0.4884, -0.1943, -0.0523, -0.1231, 0.0531, 0, -0.638, -0.4711, -0.394, -0.4092, -0.2952, 0, 0.0857, 0.0352, -0.0086, 0, 
		0.8644, 0, -0.1438, 1.5455, 1.1731, 1.0935, 0.8773, 0.7825, 0.7779, 0.5857, (2) 0, -0.1927, 0.0331, 0.1102, 0, 0.1794, 0.289, 0.0691, 0.0963, 0, -0.6684, -0.27, -0.1303, 0, -0.4729, -0.3287, -0.1135, (2) 0, -0.0454, 0.1654, 0.289, 0.1633, 0, -0.0387, -0.2159, 0, -0.2018, 0, -0.2857, 0, -0.2081, 0, -0.0413, 0, 0.0489, 1.6198, 1.1629, 0.7597, 0.6441, 0.3252, 0, -0.3249, 0.0268, 0.0863, 0, -0.2658, -0.2283, -0.0604, 0, -0.4554, -0.8921, -0.2884, -0.6912, -0.3834, -0.2908, -0.1659, -0.0712, 0, -0.4798, -0.3202, -0.2054, -0.3174, -0.045, 0, 0.1112, 0.056, 0.0229, 0, 
		0.9923, 0, -0.1882, 1.2441, 1.0387, 0.9331, 0.7308, 0.5977, 0.6825, 0.5578, (2) 0, -0.1639, 0.0532, 0.1152, 0, 0.1269, 0.3195, 0.061, 0.0958, 0, -0.6122, -0.1804, -0.0493, 0, -0.4571, -0.2638, -0.0761, (2) 0, -0.0661, 0.1245, 0.2576, 0.1318, 0, -0.0522, -0.2528, 0, -0.1518, 0, -0.3182, 0, -0.2582, 0, -0.0525, 0, 0.0996, 1.7227, 1.2473, 0.9176, 0.6468, 0.3322, 0, -0.3863, -0.0157, 0.0505, 0, -0.3045, -0.2052, -0.0832, 0, -0.381, -0.597, -0.3065, -0.4643, -0.4361, -0.2437, -0.2199, -0.1434, 0, -0.614, -0.4237, -0.345, -0.3295, -0.0717, 0, 0.0934, 0.0261, -0.0002, 0, 
		0.591, 0, -0.1364, 1.5165, 1.2948, 1.1968, 0.9693, 0.8312, 0.9399, 0.7639, (2) 0, -0.2096, 0.049, 0.0994, 0, 0.1595, 0.3035, 0.1056, 0.1191, 0, -0.6754, -0.2781, -0.1285, 0, -0.4513, -0.2844, -0.1045, (2) 0, -0.0981, 0.1507, 0.2186, 0.1573, 0, -0.0283, -0.23, 0, -0.1208, 0, -0.2353, 0, -0.2158, 0, -0.0913, 0, 0.2734, 1.7412, 1.3119, 0.9502, 0.7374, 0.4927, 0, -0.2804, 0.0642, 0.1247, 0, -0.356, -0.2265, -0.0813, 0, -0.3382, -0.6164, -0.392, -0.7514, -0.5053, -0.3965, -0.4393, -0.2831, 0, -0.5589, -0.3941, -0.3637, -0.3786, -0.2302, 0, 0.1198, 0.0639, 0.011, 0, 
		0.8467, 0, -0.1255, 1.4532, 1.1806, 1.0428, 0.8267, 0.7485, 0.8241, 0.6278, (2) 0, -0.1688, 0.0828, 0.15, 0, 0.1419, 0.3158, 0.106, 0.1075, 0, -0.6893, -0.2559, -0.1016, 0, -0.4488, -0.2986, -0.084, (2) 0, -0.1341, 0.0886, 0.184, 0.1545, 0, 0.0025, -0.231, 0, -0.1021, 0, -0.2233, 0, -0.2242, 0, -0.0893, 0, 0.0774, 1.7474, 1.2155, 0.8925, 0.679, 0.4341, 0, -0.3782, 0.0138, 0.0877, 0, -0.3433, -0.2644, -0.1185, 0, -0.3797, -0.6516, -0.2376, -0.6245, -0.3772, -0.2237, -0.3164, -0.1099, 0, -0.6, -0.3337, -0.2482, -0.323, -0.0766, 0, 0.1177, 0.0538, (2) 0, 
		0.7752, 0, -0.1266, 1.2114, 1.0031, 0.9004, 0.6785, 0.567, 0.6876, 0.4772, (2) 0, -0.228, 0.0606, 0.1231, 0, 0.1469, 0.3259, 0.104, 0.1329, 0, -0.637, -0.2681, -0.158, 0, -0.4686, -0.3005, -0.1643, (2) 0, -0.0649, 0.1702, 0.2322, 0.1999, 0, -0.0159, -0.2243, 0, -0.1634, 0, -0.2706, 0, -0.2352, 0, -0.0753, 0, 0.1489, 1.8194, 1.35, 1.0168, 0.781, 0.5697, 0, -0.3053, 0.0374, 0.1111, 0, -0.2291, -0.1951, -0.0581, 0, -0.4544, -0.1993, -0.144, -0.4524, -0.3406, -0.1812, -0.2296, -0.0361, 0, -0.6926, -0.4567, -0.4223, -0.4428, -0.3011, 0, 0.0984, 0.0544, 0.0174, 0, 
		0.8832, 0, -0.1139, 1.3874, 1.1116, 1.0449, 0.8109, 0.7007, 0.7521, 0.557, (2) 0, -0.2519, 0.0282, 0.1014, 0, 0.1485, 0.2884, 0.0827, 0.1154, 0, -0.5829, -0.1993, -0.1259, 0, -0.4586, -0.2891, -0.108, (2) 0, -0.0032, 0.1605, 0.2966, 0.2268, 0, -0.0343, -0.2533, 0, -0.1786, 0, -0.2622, 0, -0.2231, 0, -0.0609, 0, 0.0035, 1.6326, 1.2035, 0.7975, 0.5866, 0.3805, 0, -0.3703, 0.0024, 0.0586, 0, -0.331, -0.2364, -0.0531, 0, -0.3334, -0.2588, -0.217, -0.6768, -0.4314, -0.3008, -0.2785, -0.1365, 0, -0.4674, -0.2621, -0.1099, -0.1564, -0.0338, 0, 0.0948, 0.0421, 0.0197, 0, 
		0.7824, 0, -0.1471, 1.4045, 1.1636, 1.0825, 0.8458, 0.7023, 0.7642, 0.578, (2) 0, -0.2106, 0.0323, 0.0961, 0, 0.1591, 0.309, 0.1086, 0.1362, 0, -0.6098, -0.2906, -0.1661, 0, -0.428, -0.2774, -0.1127, (2) 0, -0.1041, 0.1275, 0.2204, 0.1425, 0, -0.0309, -0.22, 0, -0.1818, 0, -0.2515, 0, -0.1765, 0, -0.0568, 0, 0.0705, 1.7314, 1.2564, 0.9216, 0.6643, 0.425, 0, -0.3056, 0.0847, 0.1369, 0, -0.2749, -0.2394, -0.1283, 0, -0.4443, -0.5818, -0.2585, -0.6021, -0.415, -0.3109, -0.3179, -0.1507, 0, -0.4524, -0.3133, -0.2486, -0.2898, -0.069, 0, 0.0968, 0.0547, 0.0195, 0, 

	};

};

