parameters {
	//logical	HUIModel2Chosen = TRUE; //EN Select HUI model 2 by checking the box (uncheck to use HUI model 1 for backwards compatibility)
	logical	HuiModel2UltraDynamic = TRUE; //EN HuiModel2UltraDynamic
	double	HuiModel2UltraDynamicDelay = 1e-9; //EN HuiModel2UltraDynamicDelay

	double  HuiModel2SiloProbs[UNIFORM_SILOS] = { 0.0, 1.0, 0.0 };
	double	HuiModel2Armaplus11[UNIFORM_SILOS][ARMAPLUS_11_PARAMETERS] = {
		0.95 ,  0.64356282 , 0.0 ,
		0.95 ,  0.64356282 , 0.0 ,
		0.95 ,  0.64356282 , 0.0 ,
	};
	double	HuiModel2CutOffLow = 0.98; //EN HuiModel2CutOffLow
	double	HuiModel2CutOffHigh = 0.996; //EN HuiModel2CutOffHigh
	int	HuiModel2BootstrapIndexMultiplier = 1; //EN Allow the use of the bootstrap replicates (1) or not (0) for HUI model 2
	int	HuiModel2BootstrapOffset = 1; //EN Bootstrap estimate to be used initially for HUI model 2

	 //EN Alpha main coefficients for HUI model built on CCHS data
	double	HuiModel2AlphaMainLinearPred[BOOTSTRAP_INDEX_39][HUI_MODEL2_LINEAR_PREDICTOR] = {
		1.1402, 0, -0.0774, (2) 0.4822, 0.2567, 0.1997, 0.2272, 0.3201, 0.2375, 0, -0.0347, -0.2286, 0.0949, 0.1469, (6) 0, -0.1564, -0.0704, -0.0557, 0, -0.4740, -0.3099, -0.1356, (6) 0, 0.0836, 0.1665, (2) 0, -0.1742, (3) 0, -0.2085, 0, -0.0761, 0, -0.1074, (14) 0, 
		1.1281, 0, -0.0428, (2) 0.4471, 0.2190, 0.1251, 0.2205, 0.2647, 0.1795, 0, -0.0297, -0.1334, 0.0906, 0.1378, (6) 0, -0.1391, -0.0440, 0.0135, 0, -0.5015, -0.3514, -0.1478, (6) 0, 0.1298, 0.2319, (2) 0, -0.1861, (3) 0, -0.2454, 0, -0.0733, 0, -0.1026, (14) 0, 
		1.1080, 0, -0.0592, (2) 0.4963, 0.2574, 0.1999, 0.2658, 0.3110, 0.2103, 0, -0.0099, -0.1704, 0.0658, 0.1294, (6) 0, -0.1622, -0.0533, -0.0503, 0, -0.4723, -0.2765, -0.1411, (6) 0, 0.1041, 0.2129, (2) 0, -0.2152, (3) 0, -0.2287, 0, -0.0591, 0, -0.0492, (14) 0, 
		1.0904, 0, -0.0767, (2) 0.4581, 0.3025, 0.2498, 0.2755, 0.3423, 0.2470, 0, -0.0182, -0.1278, 0.0946, 0.1771, (6) 0, -0.1169, -0.0384, 0.0152, 0, -0.5267, -0.3648, -0.2285, (6) 0, 0.1461, 0.1997, (2) 0, -0.1872, (3) 0, -0.2096, 0, -0.1017, 0, -0.0638, (14) 0, 
		1.1040, 0, -0.0049, (2) 0.5903, 0.3496, 0.2480, 0.2464, 0.3709, 0.2727, 0, -0.0368, -0.3235, 0.0483, 0.0828, (6) 0, -0.1474, -0.1163, -0.0197, 0, -0.5138, -0.3120, -0.1389, (6) 0, 0.0486, 0.1830, (2) 0, -0.1811, (3) 0, -0.2143, 0, -0.0196, 0, -0.1055, (14) 0, 
		1.1869, 0, -0.0714, (2) 0.4710, 0.1901, 0.1477, 0.2046, 0.2989, 0.2570, 0, -0.0223, -0.2111, 0.1285, 0.1698, (6) 0, -0.1777, -0.0494, -0.1298, 0, -0.4581, -0.3261, -0.1098, (6) 0, 0.0487, 0.1709, (2) 0, -0.2387, (3) 0, -0.2628, 0, -0.0212, 0, -0.1640, (14) 0, 
		1.1609, 0, -0.0909, (2) 0.3815, 0.2159, 0.1771, 0.2125, 0.2753, 0.1975, 0, -0.0355, -0.2617, 0.1080, 0.1266, (6) 0, -0.1524, -0.1241, 0.0042, 0, -0.4378, -0.2041, -0.0792, (6) 0, 0.0276, 0.1461, (2) 0, -0.1538, (3) 0, -0.1701, 0, -0.1065, 0, -0.1012, (14) 0, 
		1.1921, 0, -0.0182, (2) 0.3986, 0.1685, 0.1386, 0.2137, 0.3100, 0.2626, 0, -0.0350, -0.1618, 0.0741, 0.1088, (6) 0, -0.2024, -0.1096, -0.0256, 0, -0.4552, -0.2841, -0.0720, (6) 0, 0.0631, 0.1497, (2) 0, -0.1387, (3) 0, -0.2121, 0, -0.0759, 0, -0.1270, (14) 0, 
		1.0931, 0, -0.0686, (2) 0.4372, 0.2422, 0.1696, 0.2120, 0.3011, 0.1893, 0, -0.0672, -0.1802, 0.1232, 0.1545, (6) 0, -0.1819, -0.1096, -0.0736, 0, -0.3878, -0.2692, -0.0611, (6) 0, 0.0861, 0.1359, (2) 0, -0.1609, (3) 0, -0.1798, 0, -0.0396, 0, -0.1208, (14) 0, 
		1.0007, 0, -0.0804, (2) 0.5499, 0.3168, 0.2810, 0.2687, 0.3721, 0.3107, 0, -0.0152, -0.1384, 0.1340, 0.1784, (6) 0, -0.1225, -0.0787, -0.0341, 0, -0.4586, -0.2755, -0.1504, (6) 0, 0.0848, 0.1989, (2) 0, -0.2050, (3) 0, -0.1905, 0, -0.0627, 0, -0.1271, (14) 0, 
		1.2099, 0, -0.0841, (2) 0.4633, 0.2891, 0.2170, 0.2022, 0.3162, 0.2604, 0, -0.0330, -0.1607, 0.1043, 0.1656, (6) 0, -0.1737, -0.1063, -0.0126, 0, -0.5214, -0.3565, -0.1839, (6) 0, 0.0796, 0.1344, (2) 0, -0.1716, (3) 0, -0.2122, 0, -0.0691, 0, -0.1149, (14) 0, 
		1.2568, 0, -0.0765, (2) 0.3842, 0.2283, 0.1149, 0.1674, 0.2552, 0.2058, 0, -0.0391, -0.2343, 0.0556, 0.0930, (6) 0, -0.1585, -0.0028, -0.0556, 0, -0.4577, -0.3117, -0.1598, (6) 0, 0.0179, 0.1570, (2) 0, -0.1943, (3) 0, -0.2625, 0, -0.0804, 0, -0.1175, (14) 0, 
		1.0452, 0, -0.1292, (2) 0.5811, 0.3232, 0.2766, 0.3069, 0.3350, 0.2955, 0, -0.0182, -0.2102, 0.1445, 0.2351, (6) 0, -0.1618, -0.0782, -0.0167, 0, -0.4957, -0.3308, -0.1248, (6) 0, 0.0941, 0.1716, (2) 0, -0.1312, (3) 0, -0.2246, 0, -0.0435, 0, -0.1042, (14) 0, 
		1.1761, 0, -0.0626, (2) 0.4354, 0.1883, 0.1492, 0.1865, 0.3042, 0.2201, 0, -0.0506, -0.2097, 0.0888, 0.1527, (6) 0, -0.1417, -0.0172, 0.0191, 0, -0.4572, -0.3187, -0.1183, (6) 0, 0.1182, 0.1639, (2) 0, -0.1458, (3) 0, -0.2008, 0, -0.0852, 0, -0.1754, (14) 0, 
		1.0035, 0, -0.0855, (2) 0.5009, 0.3517, 0.3021, 0.2936, 0.3934, 0.2849, 0, -0.0127, -0.2418, 0.1274, 0.1762, (6) 0, -0.1399, -0.0697, -0.0595, 0, -0.4715, -0.2369, -0.0821, (6) 0, 0.0868, 0.1353, (2) 0, -0.0785, (3) 0, -0.1197, 0, -0.1137, 0, -0.0794, (14) 0, 
		1.2565, 0, -0.1182, (2) 0.4021, 0.2004, 0.1810, 0.1560, 0.2765, 0.1966, 0, -0.0576, -0.2265, 0.0364, 0.1214, (6) 0, -0.1569, -0.0558, -0.0309, 0, -0.4635, -0.3187, -0.1668, (6) 0, 0.0397, 0.1455, (2) 0, -0.2095, (3) 0, -0.1580, 0, -0.0665, 0, -0.0998, (14) 0, 
		1.2554, 0, -0.0471, (2) 0.5162, 0.1645, 0.1499, 0.1912, 0.2858, 0.2350, 0, -0.0077, -0.3076, 0.0172, 0.0912, (6) 0, -0.1861, -0.0536, -0.0342, 0, -0.4656, -0.3679, -0.1683, (6) 0, 0.0789, 0.1790, (2) 0, -0.2602, (3) 0, -0.2631, 0, -0.0715, 0, -0.1141, (14) 0, 
		1.1842, 0, -0.1044, (2) 0.4800, 0.2244, 0.1817, 0.1917, 0.3443, 0.2234, 0, -0.0601, -0.2483, 0.0930, 0.1331, (6) 0, -0.0778, -0.0700, -0.0491, 0, -0.5170, -0.3382, -0.1819, (6) 0, 0.0742, 0.1805, (2) 0, -0.1457, (3) 0, -0.2014, 0, -0.0930, 0, -0.1562, (14) 0, 
		1.1839, 0, -0.0980, (2) 0.5217, 0.3019, 0.2159, 0.2524, 0.3660, 0.2530, 0, -0.0030, -0.2604, 0.0501, 0.1298, (6) 0, -0.1635, -0.0419, 0.0247, 0, -0.4926, -0.3355, -0.2148, (6) 0, 0.0736, 0.1326, (2) 0, -0.2069, (3) 0, -0.1540, 0, -0.1074, 0, -0.0989, (14) 0, 
		1.1195, 0, -0.0812, (2) 0.6095, 0.3443, 0.2907, 0.3197, 0.3494, 0.3473, 0, -0.0265, -0.2424, 0.1009, 0.1404, (6) 0, -0.0791, -0.0351, -0.0652, 0, -0.6026, -0.4137, -0.2237, (6) 0, 0.0747, 0.1537, (2) 0, -0.1337, (3) 0, -0.2084, 0, -0.0728, 0, -0.1129, (14) 0, 
		1.0967, 0, -0.0624, (2) 0.4996, 0.2742, 0.1906, 0.2082, 0.3060, 0.2637, 0, -0.0105, -0.2637, 0.0595, 0.1262, (6) 0, -0.1526, -0.0150, -0.0796, 0, -0.4315, -0.2988, -0.1322, (6) 0, 0.1317, 0.2014, (2) 0, -0.2019, (3) 0, -0.1635, 0, -0.0818, 0, -0.1240, (14) 0, 
		1.0403, 0, -0.1055, (2) 0.5303, 0.3658, 0.2456, 0.3020, 0.3697, 0.3162, 0, -0.0400, -0.1158, 0.1998, 0.2227, (6) 0, -0.1835, -0.0958, -0.0507, 0, -0.4975, -0.3297, -0.1540, (6) 0, 0.0672, 0.1759, (2) 0, -0.2046, (3) 0, -0.1608, 0, -0.0606, 0, -0.1031, (14) 0, 
		1.1320, 0, -0.0801, (2) 0.4227, 0.2040, 0.2142, 0.2460, 0.3139, 0.2661, 0, -0.0359, -0.2386, 0.0584, 0.1261, (6) 0, -0.1953, -0.0828, -0.0761, 0, -0.4009, -0.2496, -0.0975, (6) 0, 0.0783, 0.1397, (2) 0, -0.1618, (3) 0, -0.1565, 0, -0.0886, 0, -0.1315, (14) 0, 
		1.2258, 0, -0.1028, (2) 0.4511, 0.2163, 0.1892, 0.1834, 0.2366, 0.1548, 0, -0.0255, -0.1811, 0.0674, 0.1698, (6) 0, -0.1539, -0.0674, -0.1052, 0, -0.5012, -0.2986, -0.0999, (6) 0, 0.0776, 0.1419, (2) 0, -0.1317, (3) 0, -0.1968, 0, -0.0905, 0, -0.0728, (14) 0, 
		1.1305, 0, -0.0750, (2) 0.5047, 0.2994, 0.2029, 0.1650, 0.3793, 0.2145, 0, -0.0441, -0.2003, 0.1009, 0.1383, (6) 0, -0.1588, -0.1240, -0.0114, 0, -0.4670, -0.3055, -0.1184, (6) 0, 0.0733, 0.1630, (2) 0, -0.2032, (3) 0, -0.2058, 0, -0.0794, 0, -0.0930, (14) 0, 
		1.1532, 0, -0.0634, (2) 0.4810, 0.2289, 0.1320, 0.2017, 0.2556, 0.1979, 0, -0.0347, -0.2683, 0.1291, 0.1274, (6) 0, -0.1481, -0.0467, -0.0626, 0, -0.4176, -0.2797, -0.1117, (6) 0, 0.0412, 0.1397, (2) 0, -0.1551, (3) 0, -0.2544, 0, -0.0651, 0, -0.1264, (14) 0, 
		1.0099, 0, -0.0844, (2) 0.5807, 0.3814, 0.3428, 0.3629, 0.4654, 0.3365, 0, -0.0317, -0.1757, 0.1435, 0.1849, (6) 0, -0.1891, -0.1213, -0.1513, 0, -0.4497, -0.2643, -0.1000, (6) 0, 0.0472, 0.1534, (2) 0, -0.1835, (3) 0, -0.1977, 0, -0.0876, 0, -0.0685, (14) 0, 
		1.3063, 0, -0.1058, (2) 0.3474, 0.1110, 0.0680, 0.1139, 0.2498, 0.1433, 0, -0.0492, -0.2474, 0.0656, 0.1597, (6) 0, -0.2210, -0.1060, -0.0740, 0, -0.4279, -0.2784, -0.1148, (6) 0, 0.0534, 0.1223, (2) 0, -0.1244, (3) 0, -0.2393, 0, -0.0937, 0, -0.1511, (14) 0, 
		1.1864, 0, -0.0924, (2) 0.4659, 0.1935, 0.1612, 0.1765, 0.2695, 0.2297, 0, -0.0473, -0.2381, 0.1090, 0.1764, (6) 0, -0.1932, -0.1321, -0.1051, 0, -0.4483, -0.2804, -0.1338, (6) 0, 0.0612, 0.1286, (2) 0, -0.1663, (3) 0, -0.2099, 0, -0.0828, 0, -0.0541, (14) 0, 
		1.1250, 0, -0.0776, (2) 0.5171, 0.3226, 0.2145, 0.2584, 0.3016, 0.2776, 0, -0.0040, -0.1802, 0.1047, 0.1331, (6) 0, -0.1055, -0.0723, -0.0104, 0, -0.5354, -0.3009, -0.1210, (6) 0, 0.0398, 0.1202, (2) 0, -0.1838, (3) 0, -0.1769, 0, -0.0975, 0, -0.0834, (14) 0, 
		1.0955, 0, -0.0491, (2) 0.5329, 0.2355, 0.2210, 0.2228, 0.3000, 0.2239, 0, -0.0599, -0.3319, 0.0611, 0.1049, (6) 0, -0.1370, -0.0573, -0.0042, 0, -0.4028, -0.2435, -0.0986, (6) 0, 0.1118, 0.1648, (2) 0, -0.1729, (3) 0, -0.2218, 0, -0.1111, 0, -0.0714, (14) 0, 
		1.1260, 0, -0.1022, (2) 0.5350, 0.2566, 0.2222, 0.2531, 0.2947, 0.2203, 0, -0.0351, -0.2804, 0.0813, 0.1513, (6) 0, -0.1069, -0.0742, -0.0443, 0, -0.4814, -0.3136, -0.1478, (6) 0, 0.1169, 0.2173, (2) 0, -0.1811, (3) 0, -0.2150, 0, -0.0304, 0, -0.1248, (14) 0, 
		1.1309, 0, -0.0590, (2) 0.4818, 0.3231, 0.2351, 0.2240, 0.3882, 0.3424, 0, -0.0099, -0.3042, 0.1009, 0.0863, (6) 0, -0.1848, -0.0513, 0.0322, 0, -0.4774, -0.2930, -0.1409, (6) 0, 0.0196, 0.1288, (2) 0, -0.1937, (3) 0, -0.1789, 0, -0.1000, 0, -0.0625, (14) 0, 
		1.0345, 0, -0.1194, (2) 0.6375, 0.3819, 0.3350, 0.3578, 0.4313, 0.3489, 0, -0.0135, -0.2345, 0.0736, 0.1702, (6) 0, -0.1443, -0.0424, -0.0187, 0, -0.5079, -0.3561, -0.1717, (6) 0, 0.0656, 0.1972, (2) 0, -0.1445, (3) 0, -0.1410, 0, -0.0595, 0, -0.1139, (14) 0, 
		1.2572, 0, -0.0865, (2) 0.4139, 0.2109, 0.1090, 0.0875, 0.2699, 0.1643, 0, -0.0445, -0.1926, 0.1118, 0.1338, (6) 0, -0.1482, -0.1228, -0.0391, 0, -0.5197, -0.2931, -0.1081, (6) 0, 0.0758, 0.1398, (2) 0, -0.2028, (3) 0, -0.2391, 0, -0.0516, 0, -0.1217, (14) 0, 
		1.0636, 0, -0.0716, (2) 0.5107, 0.3085, 0.2349, 0.2282, 0.3833, 0.2572, 0, -0.0421, -0.0894, 0.1421, 0.1915, (6) 0, -0.1337, -0.0355, -0.1409, 0, -0.4616, -0.3145, -0.1002, (6) 0, 0.1089, 0.1579, (2) 0, -0.1246, (3) 0, -0.2049, 0, -0.1091, 0, -0.1270, (14) 0, 
		1.0984, 0, -0.0471, (2) 0.4469, 0.1716, 0.1446, 0.2584, 0.3713, 0.2215, 0, -0.0341, -0.2851, 0.1252, 0.1603, (6) 0, -0.1791, -0.0336, -0.0136, 0, -0.4022, -0.2791, -0.1757, (6) 0, 0.0982, 0.1686, (2) 0, -0.1645, (3) 0, -0.2363, 0, -0.1318, 0, -0.0848, (14) 0, 
		1.1689, 0, -0.0422, (2) 0.5348, 0.3061, 0.1778, 0.2129, 0.3043, 0.2257, 0, -0.0409, -0.2404, 0.1101, 0.1504, (6) 0, -0.1538, -0.0627, -0.0850, 0, -0.5112, -0.3542, -0.1875, (6) 0, 0.0361, 0.1323, (2) 0, -0.1306, (3) 0, -0.1833, 0, -0.0580, 0, -0.1269, (14) 0, 
		1.1477, 0, -0.0328, (2) 0.3877, 0.2066, 0.1054, 0.1831, 0.2571, 0.1295, 0, -0.0727, -0.2582, 0.0997, 0.1741, (6) 0, -0.1857, -0.0601, -0.0557, 0, -0.4726, -0.3004, -0.1366, (6) 0, 0.1066, 0.1612, (2) 0, -0.0807, (3) 0, -0.1806, 0, -0.0601, 0, -0.0930, (14) 0, 
		1.0340, 0, -0.0333, (2) 0.5846, 0.3205, 0.2840, 0.2682, 0.3892, 0.2943, 0, -0.0086, -0.1344, 0.0889, 0.1363, (6) 0, -0.1636, -0.1043, -0.0473, 0, -0.4444, -0.2516, -0.1278, (6) 0, 0.0888, 0.1395, (2) 0, -0.1637, (3) 0, -0.2207, 0, -0.0586, 0, -0.1272, (14) 0, 
	};


	 //EN Mean main coefficients for HUI model built on CCHS data
	double	HuiModel2MeanMainLinearPred[BOOTSTRAP_INDEX_39][HUI_MODEL2_LINEAR_PREDICTOR] = {
		1.5119, 0, 0.1133, (2) 1.1537, 1.1061, 0.9169, 0.8226, 0.8800, 0.6625, 0, -0.1102, 0.0105, 0.3014, 0.2689, (6) 0, -0.3016, -0.0909, -0.1535, 0, -0.2097, -0.2787, -0.1207, (6) 0, 0.2687, 0.2700, (2) 0, -0.2842, (3) 0, -0.4468, 0, -0.1759, 0, -0.5079, (14) 0, 
		1.5857, 0, 0.0760, (2) 1.1098, 1.0889, 0.8904, 0.8061, 0.8635, 0.6425, 0, -0.0885, -0.0238, 0.2764, 0.2689, (6) 0, -0.3361, -0.1168, -0.1750, 0, -0.2139, -0.3160, -0.1327, (6) 0, 0.2969, 0.2713, (2) 0, -0.2721, (3) 0, -0.4769, 0, -0.1762, 0, -0.5397, (14) 0, 
		1.4926, 0, 0.1194, (2) 1.1615, 1.0946, 0.9314, 0.8322, 0.8309, 0.5725, 0, -0.1055, -0.0581, 0.2796, 0.3014, (6) 0, -0.3218, -0.1101, -0.1506, 0, -0.1110, -0.2168, -0.0859, (6) 0, 0.2753, 0.2963, (2) 0, -0.3319, (3) 0, -0.4441, 0, -0.1623, 0, -0.5160, (14) 0, 
		1.5631, 0, 0.1092, (2) 1.0856, 1.0773, 0.8889, 0.7684, 0.8147, 0.5920, 0, -0.1189, 0.0089, 0.3028, 0.2554, (6) 0, -0.2545, -0.0797, -0.1670, 0, -0.3154, -0.3025, -0.1621, (6) 0, 0.2888, 0.3091, (2) 0, -0.2556, (3) 0, -0.4711, 0, -0.2223, 0, -0.4653, (14) 0, 
		1.4610, 0, 0.1501, (2) 1.1919, 1.1473, 0.9329, 0.8511, 0.8763, 0.6667, 0, -0.1049, -0.0043, 0.3174, 0.2615, (6) 0, -0.2921, -0.1036, -0.1866, 0, -0.2381, -0.2627, -0.1266, (6) 0, 0.2656, 0.2794, (2) 0, -0.2984, (3) 0, -0.4493, 0, -0.1492, 0, -0.4318, (14) 0, 
		1.5781, 0, 0.0739, (2) 1.1581, 1.0933, 0.8619, 0.7882, 0.7992, 0.6207, 0, -0.1169, 0.0344, 0.3131, 0.2536, (6) 0, -0.3154, -0.0641, -0.1647, 0, -0.1786, -0.3045, -0.1444, (6) 0, 0.2769, 0.2750, (2) 0, -0.2991, (3) 0, -0.4644, 0, -0.1590, 0, -0.5830, (14) 0, 
		1.5036, 0, 0.0751, (2) 1.1322, 1.1424, 0.9661, 0.8359, 0.9095, 0.7165, 0, -0.0657, -0.0085, 0.2909, 0.2360, (6) 0, -0.3273, -0.1077, -0.1196, 0, -0.1925, -0.2530, -0.1018, (6) 0, 0.2338, 0.2660, (2) 0, -0.2718, (3) 0, -0.4195, 0, -0.1447, 0, -0.4752, (14) 0, 
		1.5412, 0, 0.2009, (2) 1.0922, 1.0408, 0.8856, 0.7765, 0.8494, 0.6966, 0, -0.1019, 0.0884, 0.3380, 0.3014, (6) 0, -0.2964, -0.1248, -0.1420, 0, -0.2242, -0.2913, -0.1087, (6) 0, 0.2318, 0.2516, (2) 0, -0.2305, (3) 0, -0.4807, 0, -0.1653, 0, -0.5287, (14) 0, 
		1.5223, 0, 0.1336, (2) 1.0934, 1.0702, 0.8729, 0.7802, 0.7958, 0.5815, 0, -0.1407, 0.0469, 0.3335, 0.2706, (6) 0, -0.3223, -0.1393, -0.1683, 0, -0.2228, -0.2078, -0.0806, (6) 0, 0.2480, 0.2681, (2) 0, -0.2806, (3) 0, -0.4169, 0, -0.1607, 0, -0.5784, (14) 0, 
		1.3745, 0, 0.1075, (2) 1.3157, 1.2004, 1.0664, 0.8831, 0.9317, 0.7664, 0, -0.0862, 0.0502, 0.3069, 0.2915, (6) 0, -0.2700, -0.1146, -0.1360, 0, -0.1271, -0.2732, -0.1450, (6) 0, 0.2943, 0.3214, (2) 0, -0.2739, (3) 0, -0.4331, 0, -0.1645, 0, -0.4392, (14) 0, 
		1.4615, 0, 0.1529, (2) 1.1920, 1.1391, 0.9211, 0.8625, 0.8716, 0.6896, 0, -0.0982, 0.0536, 0.3433, 0.3302, (6) 0, -0.3414, -0.1166, -0.2227, 0, -0.2103, -0.2723, -0.1145, (6) 0, 0.2914, 0.2844, (2) 0, -0.2444, (3) 0, -0.4598, 0, -0.1748, 0, -0.6456, (14) 0, 
		1.6370, 0, 0.0908, (2) 1.0341, 1.0289, 0.8836, 0.7239, 0.7725, 0.5648, 0, -0.1297, 0.0579, 0.2667, 0.2215, (6) 0, -0.2948, -0.1075, -0.1754, 0, -0.2460, -0.2776, -0.1554, (6) 0, 0.2759, 0.2710, (2) 0, -0.2825, (3) 0, -0.4491, 0, -0.1599, 0, -0.4947, (14) 0, 
		1.4603, 0, 0.1182, (2) 1.1892, 1.1837, 0.9526, 0.8586, 0.9143, 0.6610, 0, -0.0936, 0.0464, 0.3304, 0.2968, (6) 0, -0.3030, -0.1214, -0.1585, 0, -0.2249, -0.2866, -0.1174, (6) 0, 0.2620, 0.2721, (2) 0, -0.2255, (3) 0, -0.4512, 0, -0.1535, 0, -0.4609, (14) 0, 
		1.5716, 0, 0.1391, (2) 1.0766, 1.0203, 0.8508, 0.7453, 0.7813, 0.5976, 0, -0.1187, -0.0005, 0.2978, 0.2934, (6) 0, -0.3239, -0.0770, -0.1639, 0, -0.2282, -0.2649, -0.1275, (6) 0, 0.2861, 0.2764, (2) 0, -0.2529, (3) 0, -0.4429, 0, -0.1700, 0, -0.5709, (14) 0, 
		1.4098, 0, 0.0681, (2) 1.1999, 1.1913, 1.0166, 0.8832, 0.9120, 0.7354, 0, -0.0863, 0.0224, 0.3176, 0.2588, (6) 0, -0.2719, -0.0652, -0.1310, 0, -0.1977, -0.2685, -0.1194, (6) 0, 0.2992, 0.2701, (2) 0, -0.2403, (3) 0, -0.4300, 0, -0.1769, 0, -0.4114, (14) 0, 
		1.4773, 0, 0.1349, (2) 1.1130, 1.1437, 0.9516, 0.8512, 0.9393, 0.6452, 0, -0.1322, 0.0490, 0.3289, 0.2799, (6) 0, -0.3148, -0.0757, -0.1189, 0, -0.1564, -0.2560, -0.1253, (6) 0, 0.2442, 0.2676, (2) 0, -0.2858, (3) 0, -0.4147, 0, -0.1857, 0, -0.4296, (14) 0, 
		1.5259, 0, 0.1885, (2) 1.1616, 1.0885, 0.9204, 0.8489, 0.8763, 0.6792, 0, -0.0976, 0.0608, 0.2871, 0.2490, (6) 0, -0.3127, -0.0931, -0.1556, 0, -0.1556, -0.3078, -0.1444, (6) 0, 0.2720, 0.2757, (2) 0, -0.3481, (3) 0, -0.4502, 0, -0.2012, 0, -0.5104, (14) 0, 
		1.5515, 0, 0.0933, (2) 1.0917, 1.0405, 0.8991, 0.7777, 0.8005, 0.6175, 0, -0.1104, 0.0665, 0.3331, 0.2555, (6) 0, -0.2758, -0.0889, -0.1067, 0, -0.2448, -0.2637, -0.1266, (6) 0, 0.2552, 0.2781, (2) 0, -0.2754, (3) 0, -0.4811, 0, -0.1662, 0, -0.5729, (14) 0, 
		1.5693, 0, 0.1411, (2) 1.0869, 1.0787, 0.8503, 0.7412, 0.8438, 0.5927, 0, -0.1085, 0.0349, 0.3308, 0.2943, (6) 0, -0.3243, -0.0957, -0.1280, 0, -0.2957, -0.2971, -0.1528, (6) 0, 0.2647, 0.2579, (2) 0, -0.2759, (3) 0, -0.4463, 0, -0.1586, 0, -0.6211, (14) 0, 
		1.5265, 0, 0.1356, (2) 1.1991, 1.1052, 0.9101, 0.8344, 0.8661, 0.6709, 0, -0.1045, 0.0187, 0.3391, 0.2753, (6) 0, -0.2500, -0.0814, -0.1520, 0, -0.3071, -0.3408, -0.1869, (6) 0, 0.2539, 0.2744, (2) 0, -0.2958, (3) 0, -0.4239, 0, -0.2112, 0, -0.4895, (14) 0, 
		1.5732, 0, 0.1271, (2) 1.0833, 1.0441, 0.8585, 0.7102, 0.8141, 0.6318, 0, -0.1157, -0.0961, 0.2587, 0.2620, (6) 0, -0.2919, -0.0331, -0.1824, 0, -0.2932, -0.3024, -0.1238, (6) 0, 0.2976, 0.2905, (2) 0, -0.2633, (3) 0, -0.4360, 0, -0.1956, 0, -0.4743, (14) 0, 
		1.5347, 0, 0.1352, (2) 1.1004, 1.0813, 0.8131, 0.7800, 0.8016, 0.5956, 0, -0.0883, 0.0777, 0.3679, 0.3120, (6) 0, -0.3288, -0.1180, -0.1819, 0, -0.3381, -0.2953, -0.1483, (6) 0, 0.2717, 0.2917, (2) 0, -0.2964, (3) 0, -0.4244, 0, -0.1792, 0, -0.5568, (14) 0, 
		1.5130, 0, 0.0874, (2) 1.1343, 1.0560, 0.8791, 0.7962, 0.8886, 0.6390, 0, -0.1206, -0.0071, 0.2803, 0.2224, (6) 0, -0.3073, -0.0512, -0.1898, 0, -0.2393, -0.2663, -0.1269, (6) 0, 0.3130, 0.2812, (2) 0, -0.2394, (3) 0, -0.4288, 0, -0.1813, 0, -0.4630, (14) 0, 
		1.5706, 0, 0.1074, (2) 1.1528, 1.0561, 0.8925, 0.7448, 0.8113, 0.6184, 0, -0.0855, 0.0352, 0.2920, 0.2902, (6) 0, -0.2852, -0.0743, -0.1543, 0, -0.2555, -0.3191, -0.1260, (6) 0, 0.2724, 0.2331, (2) 0, -0.2564, (3) 0, -0.4242, 0, -0.1551, 0, -0.5052, (14) 0, 
		1.5452, 0, 0.0473, (2) 1.1341, 1.1006, 0.8918, 0.7951, 0.8485, 0.6355, 0, -0.1045, -0.0652, 0.3101, 0.2506, (6) 0, -0.2921, -0.1104, -0.1279, 0, -0.1923, -0.2812, -0.1022, (6) 0, 0.2440, 0.2881, (2) 0, -0.3246, (3) 0, -0.5051, 0, -0.1585, 0, -0.4864, (14) 0, 
		1.4603, 0, 0.1221, (2) 1.1188, 1.1349, 0.9094, 0.8445, 0.8828, 0.6140, 0, -0.1139, 0.0284, 0.3236, 0.3043, (6) 0, -0.2746, -0.0776, -0.1565, 0, -0.1105, -0.2531, -0.0636, (6) 0, 0.2557, 0.2487, (2) 0, -0.2479, (3) 0, -0.4370, 0, -0.1703, 0, -0.5493, (14) 0, 
		1.4643, 0, 0.1277, (2) 1.1666, 1.1329, 0.9501, 0.8722, 0.9515, 0.6686, 0, -0.1236, 0.0327, 0.3256, 0.2682, (6) 0, -0.3118, -0.1017, -0.1954, 0, -0.2287, -0.2319, -0.1080, (6) 0, 0.2462, 0.2578, (2) 0, -0.2870, (3) 0, -0.4052, 0, -0.1748, 0, -0.4839, (14) 0, 
		1.4946, 0, 0.1242, (2) 1.0410, 1.0746, 0.8746, 0.7786, 0.8668, 0.5690, 0, -0.1243, 0.0202, 0.3332, 0.2886, (6) 0, -0.3257, -0.0944, -0.1676, 0, -0.2211, -0.2178, -0.0600, (6) 0, 0.2660, 0.2697, (2) 0, -0.3086, (3) 0, -0.4641, 0, -0.1539, 0, -0.5754, (14) 0, 
		1.6035, 0, 0.1260, (2) 1.1126, 1.0084, 0.8080, 0.7319, 0.7877, 0.6068, 0, -0.1163, -0.0459, 0.2881, 0.2674, (6) 0, -0.3056, -0.0867, -0.1550, 0, -0.3231, -0.2781, -0.1505, (6) 0, 0.2710, 0.2439, (2) 0, -0.3039, (3) 0, -0.4003, 0, -0.1931, 0, -0.4629, (14) 0, 
		1.6272, 0, 0.1009, (2) 1.0668, 1.0040, 0.8165, 0.7318, 0.7868, 0.6012, 0, -0.1378, 0.0089, 0.2836, 0.2286, (6) 0, -0.2612, -0.0809, -0.1740, 0, -0.3419, -0.2874, -0.1462, (6) 0, 0.2702, 0.2833, (2) 0, -0.3280, (3) 0, -0.4810, 0, -0.2097, 0, -0.6243, (14) 0, 
		1.4960, 0, 0.1347, (2) 1.1444, 1.0552, 0.9065, 0.8185, 0.8367, 0.6038, 0, -0.1064, 0.0047, 0.2761, 0.2620, (6) 0, -0.3109, -0.0705, -0.1615, 0, -0.1115, -0.2057, -0.0780, (6) 0, 0.2688, 0.2693, (2) 0, -0.2786, (3) 0, -0.5257, 0, -0.1722, 0, -0.3722, (14) 0, 
		1.5621, 0, 0.0797, (2) 1.0951, 1.0853, 0.9120, 0.8293, 0.8714, 0.6542, 0, -0.1167, -0.0097, 0.2653, 0.2639, (6) 0, -0.3055, -0.1050, -0.1383, 0, -0.2458, -0.2459, -0.1266, (6) 0, 0.2849, 0.2778, (2) 0, -0.3253, (3) 0, -0.4623, 0, -0.1428, 0, -0.6175, (14) 0, 
		1.5038, 0, 0.0773, (2) 1.1679, 1.1558, 0.9726, 0.8412, 0.9154, 0.6762, 0, -0.1020, -0.1231, 0.2878, 0.2418, (6) 0, -0.3232, -0.0369, -0.1210, 0, -0.2006, -0.2476, -0.1402, (6) 0, 0.2460, 0.2531, (2) 0, -0.3166, (3) 0, -0.3892, 0, -0.1954, 0, -0.4284, (14) 0, 
		1.4539, 0, 0.1230, (2) 1.2056, 1.1501, 0.9733, 0.8352, 0.9001, 0.6805, 0, -0.1003, 0.0505, 0.3236, 0.3094, (6) 0, -0.2881, -0.0649, -0.1161, 0, -0.2693, -0.3307, -0.1443, (6) 0, 0.2851, 0.2661, (2) 0, -0.3238, (3) 0, -0.4295, 0, -0.1674, 0, -0.5098, (14) 0, 
		1.5789, 0, 0.0442, (2) 1.0971, 1.0484, 0.8871, 0.7621, 0.8106, 0.6000, 0, -0.1274, 0.0549, 0.2873, 0.2539, (6) 0, -0.2970, -0.0943, -0.1643, 0, -0.3092, -0.2679, -0.0916, (6) 0, 0.2855, 0.2569, (2) 0, -0.2808, (3) 0, -0.4695, 0, -0.1483, 0, -0.4962, (14) 0, 
		1.4572, 0, 0.1182, (2) 1.1830, 1.1548, 0.9625, 0.8628, 0.9579, 0.7182, 0, -0.0951, -0.0318, 0.2970, 0.2495, (6) 0, -0.2815, -0.0747, -0.1799, 0, -0.2070, -0.2812, -0.0985, (6) 0, 0.2819, 0.2769, (2) 0, -0.2684, (3) 0, -0.4324, 0, -0.1767, 0, -0.4377, (14) 0, 
		1.4306, 0, 0.1875, (2) 1.1763, 1.1150, 0.9235, 0.8688, 0.9404, 0.6568, 0, -0.1193, 0.1334, 0.3602, 0.3117, (6) 0, -0.3117, -0.0842, -0.1776, 0, -0.2294, -0.3037, -0.1119, (6) 0, 0.2746, 0.2917, (2) 0, -0.2471, (3) 0, -0.4302, 0, -0.1982, 0, -0.4816, (14) 0, 
		1.5332, 0, 0.1626, (2) 1.1232, 1.0973, 0.8790, 0.8239, 0.9077, 0.6791, 0, -0.1244, 0.0029, 0.3264, 0.2545, (6) 0, -0.3167, -0.1072, -0.1769, 0, -0.1084, -0.2726, -0.1435, (6) 0, 0.2747, 0.2778, (2) 0, -0.2840, (3) 0, -0.4512, 0, -0.1925, 0, -0.5575, (14) 0, 
		1.4699, 0, 0.1354, (2) 1.1719, 1.0981, 0.9164, 0.8484, 0.8439, 0.6014, 0, -0.1092, -0.0130, 0.3031, 0.2614, (6) 0, -0.3168, -0.1051, -0.1790, 0, -0.2455, -0.2448, -0.0874, (6) 0, 0.2822, 0.2799, (2) 0, -0.2615, (3) 0, -0.4450, 0, -0.1731, 0, -0.4768, (14) 0, 
		1.5355, 0, 0.1463, (2) 1.0941, 1.0823, 0.8799, 0.7658, 0.8037, 0.5974, 0, -0.1178, 0.0495, 0.2949, 0.2449, (6) 0, -0.2965, -0.0851, -0.1573, 0, -0.2962, -0.2478, -0.1160, (6) 0, 0.2682, 0.2697, (2) 0, -0.2915, (3) 0, -0.4451, 0, -0.1366, 0, -0.5044, (14) 0, 
	};



	 //EN HuiModel2MeanAgeGroupIncomeQ1
	double	HuiModel2MeanAgeGroupIncomeQ1[BOOTSTRAP_INDEX_39][AGE_GROUP3080] = {
		-0.2788, -0.4548, -0.5462, -0.4989, -0.3446, -0.2348, 0, 
		-0.2728, -0.4934, -0.6020, -0.4952, -0.3773, -0.2007, 0, 
		-0.3280, -0.5576, -0.6013, -0.6034, -0.3922, -0.2312, 0, 
		-0.2101, -0.4258, -0.4725, -0.3394, -0.2677, -0.1421, 0, 
		-0.2532, -0.4695, -0.4620, -0.4874, -0.2692, -0.2123, 0, 
		-0.4051, -0.5287, -0.6304, -0.5097, -0.3883, -0.2821, 0, 
		-0.2493, -0.4684, -0.5023, -0.4933, -0.3271, -0.2552, 0, 
		-0.2556, -0.3745, -0.5756, -0.5140, -0.3002, -0.2379, 0, 
		-0.1793, -0.4021, -0.5158, -0.4411, -0.2527, -0.1695, 0, 
		-0.4350, -0.5645, -0.6683, -0.5235, -0.4267, -0.3781, 0, 
		-0.3143, -0.4683, -0.5276, -0.4986, -0.2837, -0.2306, 0, 
		-0.2109, -0.4264, -0.5821, -0.4814, -0.3468, -0.1432, 0, 
		-0.2414, -0.4619, -0.5079, -0.4135, -0.3205, -0.2154, 0, 
		-0.1880, -0.4565, -0.5339, -0.4402, -0.2205, -0.1888, 0, 
		-0.2878, -0.5122, -0.5746, -0.5353, -0.3873, -0.3093, 0, 
		-0.2465, -0.4948, -0.6045, -0.5988, -0.4423, -0.2429, 0, 
		-0.2690, -0.5600, -0.6187, -0.6025, -0.4058, -0.2470, 0, 
		-0.2399, -0.3676, -0.5020, -0.4875, -0.2504, -0.1706, 0, 
		-0.0923, -0.4250, -0.4783, -0.3691, -0.2752, -0.1660, 0, 
		-0.2626, -0.4106, -0.5015, -0.5225, -0.3263, -0.1766, 0, 
		-0.1152, -0.3266, -0.4721, -0.3592, -0.2716, -0.1665, 0, 
		-0.1771, -0.3983, -0.4011, -0.3586, -0.1398, -0.1219, 0, 
		-0.1904, -0.4030, -0.4467, -0.4263, -0.3092, -0.1379, 0, 
		-0.2910, -0.4381, -0.4837, -0.4084, -0.3510, -0.2537, 0, 
		-0.2923, -0.4438, -0.5257, -0.5851, -0.2879, -0.2258, 0, 
		-0.2679, -0.5231, -0.5923, -0.6354, -0.4381, -0.3263, 0, 
		-0.2461, -0.4271, -0.4984, -0.5073, -0.3226, -0.2012, 0, 
		-0.1564, -0.4647, -0.4815, -0.4559, -0.2686, -0.1398, 0, 
		-0.1727, -0.3567, -0.3981, -0.3892, -0.2206, -0.1317, 0, 
		-0.1948, -0.3398, -0.4724, -0.4809, -0.2860, -0.1453, 0, 
		-0.3212, -0.4901, -0.6051, -0.5386, -0.3993, -0.2426, 0, 
		-0.2013, -0.4212, -0.4617, -0.4839, -0.3393, -0.2422, 0, 
		-0.3046, -0.4679, -0.5511, -0.5222, -0.3406, -0.2057, 0, 
		-0.2094, -0.4407, -0.5294, -0.3713, -0.3079, -0.2574, 0, 
		-0.1787, -0.3296, -0.5046, -0.4289, -0.2382, -0.1581, 0, 
		-0.2963, -0.4218, -0.5427, -0.5297, -0.3489, -0.2440, 0, 
		-0.1870, -0.4223, -0.5505, -0.4578, -0.3483, -0.1428, 0, 
		-0.3793, -0.5621, -0.6264, -0.6514, -0.4696, -0.3957, 0, 
		-0.2608, -0.4038, -0.5060, -0.4544, -0.2392, -0.1434, 0, 
		-0.1396, -0.3349, -0.4276, -0.4579, -0.1374, -0.1109, 0, 
	};

	 //EN HuiModel2MeanAgeSpline85IncomeQ1
	double	HuiModel2MeanAgeSpline85IncomeQ1[BOOTSTRAP_INDEX_39] = {
		0.0229, -0.0097, 0.0320, 0.0156, 0.0355, 0.0178, -0.0314, 0.0097, 0.0553, -0.0078, 0.0045, 0.0305, 0.0042, 0.0423, -0.0033, 0.0354, 0.0265, 0.0114, 0.0312, 0.0149, 0.0452, -0.0011, 0.0165, -0.0076, -0.0065, 0.0234, 0.0404, 0.0513, 0.0276, 0.0495, 0.0208, (2) 0.0218, 0.0298, 0.0310, 0.0063, 0.0203, 0.0297, -0.0075, 0.0541, 
	};

	 //EN HuiModel2MeanAgeGroupOA
	double	HuiModel2MeanAgeGroupOA[BOOTSTRAP_INDEX_39][AGE_GROUP3080] = {
		-0.4611, -0.4729, -0.4608, -0.2655, -0.1365, -0.1163, 0, 
		-0.2423, -0.4243, -0.4685, -0.3448, -0.0936, -0.2142, 0, 
		-0.3817, -0.3813, -0.3926, -0.2262, -0.0560, -0.0222, 0, 
		-0.3725, -0.5695, -0.5424, -0.2816, -0.1815, -0.1609, 0, 
		-0.6281, -0.5901, -0.5583, -0.3672, -0.2296, -0.1927, 0, 
		-0.4268, -0.3739, -0.3099, -0.2353, -0.0027, -0.0166, 0, 
		-0.5079, -0.4990, -0.5558, -0.2655, -0.1856, -0.2037, 0, 
		-0.4698, -0.4491, -0.4181, -0.2108, -0.1301, -0.1780, 0, 
		-0.2245, -0.4602, -0.4443, -0.1577, -0.0617, -0.0857, 0, 
		-0.3940, -0.5358, -0.5246, -0.3164, -0.1876, -0.1649, 0, 
		-0.4895, -0.4298, -0.3142, -0.1883, -0.1069, -0.0557, 0, 
		-0.5138, -0.4802, -0.5470, -0.2281, -0.1213, -0.1483, 0, 
		-0.4457, -0.5394, -0.5905, -0.2911, -0.1792, -0.1448, 0, 
		-0.5079, -0.3950, -0.3895, -0.2480, -0.1202, -0.1148, 0, 
		-0.7069, -0.5333, -0.5376, -0.3228, -0.1752, -0.1897, 0, 
		-0.5808, -0.6000, -0.5066, -0.2443, -0.2163, -0.1871, 0, 
		-0.4569, -0.4521, -0.4456, -0.2823, -0.1364, -0.1226, 0, 
		-0.4873, -0.4144, -0.4768, -0.2601, -0.0907, -0.0836, 0, 
		-0.4144, -0.3356, -0.3932, -0.1090, -0.0456, -0.0093, 0, 
		-0.5315, -0.4224, -0.4465, -0.2089, -0.1661, -0.0612, 0, 
		-0.4980, -0.5534, -0.4074, -0.2499, -0.1204, -0.1891, 0, 
		-0.4895, -0.4423, -0.3421, -0.2426, -0.1866, -0.0611, 0, 
		-0.6881, -0.4509, -0.4571, -0.3273, -0.1948, -0.1469, 0, 
		-0.4049, -0.4102, -0.4980, -0.2005, -0.1215, -0.1294, 0, 
		-0.3086, -0.4100, -0.5477, -0.3627, -0.2010, -0.2236, 0, 
		-0.4735, -0.4870, -0.4261, -0.1803, -0.1322, -0.0071, 0, 
		-0.3861, -0.4978, -0.4766, -0.2670, -0.2251, -0.1257, 0, 
		-0.4228, -0.4792, -0.4254, -0.1590, -0.1391, -0.0319, 0, 
		-0.4849, -0.4158, -0.4633, -0.2562, -0.1554, -0.0687, 0, 
		-0.4256, -0.4477, -0.3829, -0.1495, -0.0651, -0.0298, 0, 
		-0.6610, -0.4948, -0.6135, -0.4491, -0.1959, -0.2350, 0, 
		-0.3190, -0.4336, -0.4608, -0.2224, -0.0642, -0.0481, 0, 
		-0.5866, -0.5347, -0.5535, -0.3419, -0.2122, -0.1203, 0, 
		-0.4389, -0.5309, -0.3915, -0.2489, -0.0572, -0.0579, 0, 
		-0.6259, -0.3233, -0.5636, -0.3696, -0.1218, -0.1468, 0, 
		-0.4838, -0.5799, -0.5377, -0.3592, -0.2410, -0.2065, 0, 
		-0.4166, -0.5582, -0.5780, -0.2642, -0.1913, -0.1880, 0, 
		-0.3122, -0.5140, -0.4820, -0.2770, -0.1069, -0.1560, 0, 
		-0.3734, -0.4309, -0.4463, -0.3201, -0.1296, -0.1711, 0, 
		-0.2375, -0.5037, -0.4650, -0.2562, -0.1883, -0.1646, 0, 
	};

	 //EN HuiModel2MeanAgeSpline85OA
	double	HuiModel2MeanAgeSpline85OA[BOOTSTRAP_INDEX_39] = {
		-0.0121, -0.0285, -0.0189, 0.0028, -0.0650, 0.0141, -0.0415, 0.0061, 0.0129, 0.0064, 0.0177, -0.0396, -0.0059, -0.0366, -0.0167, -0.0284, -0.0270, -0.0001, 0.0184, -0.0314, 0.0013, 0.0024, -0.0280, -0.0161, -0.0270, -0.0413, -0.0067, -0.0458, 0.0021, 0.0448, -0.0660, 0.0006, -0.0396, -0.0109, 0.0082, (2) -0.0271, -0.0176, 0.0167, -0.0217, 
	};

	 //EN HuiModel2MeanSexBmi4
	double	HuiModel2MeanSexBmi4[BOOTSTRAP_INDEX_39][BMI_INDEX] = {
		-0.4908, -0.1744, -0.0673, 0, 
		-0.3547, -0.1321, -0.0566, 0, 
		-0.4274, -0.1550, -0.1146, 0, 
		-0.5745, -0.2082, -0.0581, 0, 
		-0.5209, -0.1934, -0.0727, 0, 
		-0.3524, -0.1467, -0.0004, 0, 
		-0.3564, -0.1197, -0.0435, 0, 
		-0.5930, -0.2506, -0.1351, 0, 
		-0.5723, -0.2183, -0.0747, 0, 
		-0.4953, -0.1949, -0.1205, 0, 
		-0.7117, -0.1899, -0.1442, 0, 
		-0.5110, -0.1575, -0.0657, 0, 
		-0.5250, -0.2149, -0.0554, 0, 
		-0.4483, -0.1674, -0.0839, 0, 
		-0.4439, -0.1094, 0.0264, 0, 
		-0.5080, -0.2275, -0.0759, 0, 
		-0.7679, -0.2126, -0.1215, 0, 
		-0.6040, -0.2142, -0.0210, 0, 
		-0.5465, -0.2108, -0.0902, 0, 
		-0.5729, -0.2161, -0.0654, 0, 
		-0.3633, -0.1699, -0.1072, 0, 
		-0.5110, -0.2175, -0.0911, 0, 
		-0.4960, -0.1569, -0.0215, 0, 
		-0.5463, -0.1620, -0.0539, 0, 
		-0.4770, -0.1474, -0.0174, 0, 
		-0.4400, -0.1497, -0.1168, 0, 
		-0.3847, -0.1865, -0.0617, 0, 
		-0.3906, -0.1843, -0.0640, 0, 
		-0.5812, -0.1605, -0.0971, 0, 
		-0.5812, -0.1544, -0.0311, 0, 
		-0.7463, -0.1496, -0.0427, 0, 
		-0.3604, -0.1578, -0.0712, 0, 
		-0.3928, -0.1542, -0.0292, 0, 
		-0.5122, -0.2111, -0.0745, 0, 
		-0.3452, -0.1117, -0.0090, 0, 
		-0.4838, -0.1520, -0.0621, 0, 
		-0.6788, -0.2398, -0.1258, 0, 
		-0.4868, -0.2494, -0.0833, 0, 
		-0.4960, -0.1755, -0.0351, 0, 
		-0.6458, -0.2069, -0.0822, 0, 
	};

	 //EN HuiModel2MeanEducationOA
	double	HuiModel2MeanEducationOA[BOOTSTRAP_INDEX_39][EDUCATION] = {
		0.2712, 0.0759, 0.1592, 0, 
		0.3054, 0.1535, 0.2230, 0, 
		0.3081, 0.1617, 0.1850, 0, 
		0.2647, 0.0993, 0.2925, 0, 
		0.2737, 0.0640, 0.2350, 0, 
		0.2195, 0.0514, 0.0687, 0, 
		0.3033, 0.0540, 0.1096, 0, 
		0.2563, 0.0894, 0.0210, 0, 
		0.2727, 0.1091, 0.1763, 0, 
		0.2169, 0.1060, 0.1169, 0, 
		0.3346, 0.1719, 0.3692, 0, 
		0.2488, 0.1728, 0.1388, 0, 
		0.2478, 0.0599, 0.1402, 0, 
		0.2446, 0.1156, 0.1304, 0, 
		0.2349, 0.0766, 0.0038, 0, 
		0.2387, 0.0264, 0.1556, 0, 
		0.2565, 0.0917, 0.2819, 0, 
		0.2930, 0.1362, 0.1287, 0, 
		0.2776, 0.0800, 0.0558, 0, 
		0.1835, 0.0988, 0.0916, 0, 
		0.2353, -0.0403, 0.1727, 0, 
		0.3463, 0.1080, 0.2106, 0, 
		0.2852, 0.0372, 0.1614, 0, 
		0.2792, 0.0808, 0.1769, 0, 
		0.3058, 0.0682, 0.2255, 0, 
		0.2772, 0.0333, 0.1962, 0, 
		0.2547, 0.0854, 0.1534, 0, 
		0.2950, 0.0655, 0.1934, 0, 
		0.2033, -0.0083, 0.1154, 0, 
		0.3312, 0.1074, 0.3084, 0, 
		0.2144, 0.0729, 0.0692, 0, 
		0.3080, 0.1501, 0.1522, 0, 
		0.3083, 0.0605, 0.1627, 0, 
		0.2523, 0.1022, 0.1318, 0, 
		0.2766, 0.0709, 0.2088, 0, 
		0.2802, 0.1805, 0.1941, 0, 
		0.3429, 0.1718, 0.1337, 0, 
		0.2906, 0.1392, 0.2091, 0, 
		0.2848, 0.0583, 0.2110, 0, 
		0.2803, 0.0633, 0.2446, 0, 
	};
};

