parameters {
	int	dBp_min = 30; //EN dBp_min
	int	dBp_max = 130; //EN dBp_max
	int	sBp_min = 50; //EN sBp_min
	int	sBp_max = 200; //EN sBp_max
	//int	Chol_min = 63; //EN Chol_min
	//int	Chol_max = 450; //EN Chol_max
	int	HDL_min = 0; //EN HDL_min
	int	HDL_max = 150; //EN HDL_max

		 //EN TimingFirstUpdate
	cumrate	TimingFirstUpdate[FIRST_UPDATE] = {
		1, 2, 1, 
	};

	 //EN Chol_mean
	/*
	double	Chol_mean[SEX][AGE_GROUP] = {
		169.8788571, 174.9801412, 177.7405154, 179.8002946, 183.0334861, 192.6001573, 203.2060909, 215.9256825, 224.6744459, 232.9667177, 232.0950739, 228.5791565, 
		158.031122, 171.930114, 183.1159992, 193.8545875, 202.2785392, 207.8625782, 213.0635802, 216.5741308, 214.3099575, 212.0769949, 212.3742273, 212.0514025, 
	};
	*/

	 //EN Chol_std
	/*
	double	Chol_std[SEX][AGE_GROUP] = {
		30.31884723, 33.34009696, 34.2343384, 32.85393323, 30.80439025, 34.97544268, 35.61593555, 39.75836139, 38.35300368, 37.98308881, 44.46459781, 39.94516922, 
		28.8516843, 33.42644316, 35.31922976, 36.6773625, 38.27338588, 37.87863404, 39.81210696, 39.11834317, 37.54486557, 37.0619618, 36.99588064, 37.42753835, 
	};
	*/

	 //EN dBp_mean
	double	dBp_mean[SEX][AGE_GROUP] = {
		68.79003322, 69.45357834, 70.49554917, 71.3797066, 72.93664234, 75.68321678, 78.11289641, 79.92275, 80.79226804, 79.56854839, 79.00974178, 78.13502235, 
		73.10237288, 75.37607803, 77.20433437, 78.727267, 80.96466974, 81.76117647, 82.64976415, 83.67641026, 83.683, 81.52544987, 80.81659619, 80.7180791, 
	};

	 //EN dBp_std
	double	dBp_std[SEX][AGE_GROUP] = {
		7.420523364, 7.532912731, 7.902333625, 7.923167217, 7.953870134, 8.437731005, 9.076694329, 8.963261548, 8.717118625, 9.287400098, 8.832392121, 9.194020362, 
		8.110706861, 8.184640355, 8.385068233, 8.471355394, 8.934693607, 8.662857863, 8.956664776, 8.816262575, 9.24409239, 8.720070765, 9.354826128, 9.400852273, 
	};

	 //EN sBp_mean
	double	sBp_mean[SEX][AGE_GROUP] = {
		111.3169435, 111.2734043, 110.8648959, 110.6836186, 112.1127007, 116.7398601, 121.448203, 126.67575, 130.9322165, 134.1086022, 139.5348592, 144.0734724, 
		120.9522034, 122.4716632, 122.9513932, 122.6525189, 124.0141321, 124.6672269, 127.2502358, 130.3523077, 134.53325, 135.8892031, 139.8522199, 142.8069209, 
	};

	 //EN sBp_std
	double	sBp_std[SEX][AGE_GROUP] = {
		8.975582356, 9.072676265, 9.888331733, 9.884110777, 10.16976797, 12.58488455, 14.86151333, 15.8767113, 17.33755817, 18.32276745, 18.3349023, 19.21139695, 
		9.822221798, 10.41339944, 10.52916526, 10.86590315, 11.78064971, 11.41455381, 13.05978071, 14.82071892, 16.9198944, 17.34246283, 18.00158724, 19.04982286, 
	};

	 //EN HDL_mean
	double	HDL_mean[SEX][AGE_GROUP] = {
		51.60949164, 53.03742857, 53.69024675, 53.94385635, 53.27111912, 54.02984127, 54.17338462, 56.59437437, 55.1071875, 54.27883065, 53.42016411, 53.39381559, 
		47.56951525, 47.01487967, 47.10205288, 46.44762683, 45.47460653, 44.84681726, 44.88094286, 45.52864508, 47.00095455, 45.49843299, 45.13987699, 45.5224622, 
	};

	 //EN HDL_std
	double	HDL_std[SEX][AGE_GROUP] = {
		10.96955806, 11.45660011, 12.37768646, 12.39811175, 12.45964787, 13.06375443, 13.55166181, 14.76762164, 14.6909664, 14.64182764, 13.89647631, 14.41830586, 
		10.28155866, 10.84578968, 11.10150886, 10.99589615, 10.9909402, 11.04055835, 12.07055534, 11.77495958, 13.37588961, 11.67732575, 12.11476126, 12.49875258, 
	};
	/*
	double Chol_CumDistribution[SEX][CHOL_STATE][AGE_GROUP]= {
		// FEMALE
		(12) 0, 
		0.372275717, 0.326602938, 0.302156486, 0.273361894, 0.227310274, 0.175645748, 0.112543714, 0.079767204, 0.045869551, 0.027363787, 0.05246551, 0.043004874, 
		0.839761746, 0.77350625, 0.742221544, 0.730667783, 0.709108583, 0.583779696, 0.464136218, 0.344371417, 0.259998098, 0.192715882, 0.235205005, 0.237162461, 
		0.989632947, 0.97442393, 0.965515862, 0.966549962, 0.967792703, 0.91232813, 0.849215426, 0.727581902, 0.655271436, 0.573451662, 0.570552205, 0.612527562, 
		0.999859404, 0.99918346, 0.998591486, 0.998855168, 0.999177454, 0.993770866, 0.984464747, 0.946474795, 0.925424219, 0.892191772, 0.85934298, 0.901002565, 
		(12) 1, 
		// MALE
		(12) 0, 
		0.527203316, 0.360580971, 0.256398777, 0.17799376, 0.134656567, 0.103190977, 0.091290524, 0.074056359, 0.07401366, 0.07999088, 0.078435057, 0.082154514, 
		0.927115792, 0.799476023, 0.683689088, 0.56653264, 0.47626362, 0.417781258, 0.371406432, 0.335895243, 0.351548675, 0.372265369, 0.369010333, 0.373729092, 
		0.997751625, 0.979145382, 0.946362986, 0.895830137, 0.837830225, 0.801901166, 0.750666581, 0.725362311, 0.753091148, 0.774399521, 0.772385479, 0.77238947, 
		0.999988174, 0.999387591, 0.996956791, 0.99058137, 0.978856948, 0.971573334, 0.953648488, 0.947532391, 0.959909918, 0.966575553, 0.966219812, 0.96527425, 
		(12) 1, 
		};
	*/
	double DBP_CumDistribution[SEX][BP_STATE][AGE_GROUP]={
		// FEMALE
		(12) 0, 
		0.934563782, 0.919250123, 0.885461416, 0.861699274, 0.812740516, 0.69553618, 0.582348978, 0.503438267, 0.463791342, 0.518526499, 0.544634592, 0.580372589, 
		0.985536464, 0.980481702, 0.966781593, 0.957197089, 0.935324354, 0.865242668, 0.776004343, 0.714456481, 0.685344751, 0.720665463, 0.751182287, 0.772371258, 
		0.997870244, 0.996809651, 0.993210057, 0.990616019, 0.984035222, 0.95512877, 0.904839277, 0.869553634, 0.854580182, 0.869320102, 0.893307696, 0.901563159, 
		0.999986989, 0.999974927, 0.999905605, 0.999848176, 0.999666135, 0.998023572, 0.992053251, 0.987452929, 0.986218512, 0.986093436, 0.991261342, 0.991300699, 
		(12) 1, 
		// MALE
		(12) 0, 
		0.802458345, 0.713946543, 0.63058753, 0.559712225, 0.457010097, 0.419449515, 0.383675159, 0.338338048, 0.345161602, 0.430565163, 0.465219866, 0.469556545, 
		0.928798857, 0.880172839, 0.823738896, 0.7704908, 0.674238436, 0.645751181, 0.603493709, 0.559669183, 0.556645389, 0.654852303, 0.672631774, 0.675618798, 
		0.981391443, 0.963011255, 0.936495813, 0.90835413, 0.844054844, 0.829210884, 0.794075605, 0.763394536, 0.752808909, 0.834435972, 0.836870137, 0.83826418, 
		0.999543872, 0.998687454, 0.996722029, 0.993982832, 0.983434722, 0.982372024, 0.973635423, 0.967953513, 0.961228861, 0.982938928, 0.979849179, 0.979870597, 
		(12) 1, 
	};

	double      SBP_CumDistribution[SEX][BP_STATE][AGE_GROUP]={
		// FEMALE
		(12) 0, 
		0.833330126, 0.831938696, 0.822211728, 0.827047375, 0.780996644, 0.602202396, 0.461185836, 0.337069515, 0.264166976, 0.220648723, 0.143336971, 0.10508784, 
		0.981307928, 0.980494301, 0.973512256, 0.974666381, 0.960700245, 0.853979768, 0.717500612, 0.58292378, 0.478559689, 0.411287341, 0.301518277, 0.231913797, 
		0.999302418, 0.999227913, 0.998392515, 0.998491483, 0.996948269, 0.967717698, 0.894041421, 0.79933059, 0.69951772, 0.626097166, 0.510119788, 0.416040223, 
		0.999999971, 0.999999961, 0.999999663, 0.999999697, 0.999998753, 0.999706361, 0.9952576, 0.982088928, 0.953187593, 0.921182739, 0.867828454, 0.79645197, 
		(12) 1, 
		// MALE
		(12) 0, 
		0.461385457, 0.406191086, 0.389621254, 0.403571321, 0.366649932, 0.341312486, 0.289393417, 0.242431456, 0.195185524, 0.179780391, 0.135056217, 0.115609529, 
		0.821515481, 0.765143877, 0.748391511, 0.750541991, 0.694311968, 0.679818256, 0.583381571, 0.490517473, 0.394378872, 0.367085408, 0.292087223, 0.250700888, 
		0.973764946, 0.953836508, 0.947295667, 0.944812083, 0.912602946, 0.910406884, 0.835532614, 0.74246385, 0.626688661, 0.593685722, 0.503275012, 0.441429323, 
		0.999964862, 0.999843195, 0.999783095, 0.99970599, 0.998873348, 0.999017241, 0.993923668, 0.977272713, 0.933855476, 0.917777291, 0.868477324, 0.816612928, 
		(12) 1, 
	};

	 //EN CumMargHRisk
	/*
	cumrate	CumMargHRisk[SEX][AGE_GROUP][BMI_INDEX][DIAB_INDEX][BP_INDEX][CHOL_INDEX] = {
		// FEMALE, 0, 0, iNonDiabetic
		0.0517569197, 0.1039156478, 0.0174871437, (2) 0, 
		0.0106374359, 0.0167703889, 0.0155119385, (2) 0, 
		(3) {
			(5) 0, 
		},
		// FEMALE, 0, 0, iDiabetic
		(2) 0, 0.0011498174, (2) 0, 
		(4) {
			(5) 0, 
		},
		// FEMALE, 0, 1, iNonDiabetic
		0.2513564203, 0.2712285469, 0.0843544607, 0.0108691713, 0, 
		0.0345824964, 0.0136434519, 0.0150582624, (2) 0, 
		0, 0.0092294371, (2) 0, 0.0015628897, 
		(2) {
			(5) 0, 
		},
		// FEMALE, 0, 1, iDiabetic
		(5) {
			(5) 0, 
		},
		// FEMALE, 0, 2, iNonDiabetic
		0.0188452781, 0.0142298472, 0.02148773, (2) 0, 
		0.0020543202, 0.0031109982, 0.0028188023, (2) 0, 
		0.0001152667, 0.0010683427, 0.0028575362, (2) 0, 
		0.0030463527, (4) 0, 
		(5) 0, 
		// FEMALE, 0, 2, iDiabetic
		(5) {
			(5) 0, 
		},
		// FEMALE, 0, 3, iNonDiabetic
		0.0033709159, 0.0007166213, (3) 0, 
		0.0005420517, 0.0107106295, (3) 0, 
		0.0004130278, 0.005497851, (3) 0, 
		(2) {
			(5) 0, 
		},
		// FEMALE, 0, 3, iDiabetic
		(5) {
			(5) 0, 
		},
		// FEMALE, 1, 0, iNonDiabetic
		0.047195637, 0.044623961, 0.0086301459, 0.0066353549, 0, 
		0.0032200399, 0.0041275126, 0.0046644458, (2) 0, 
		0, 0.0003243072, (3) 0, 
		0, 0.0008937701, (3) 0, 
		(5) 0, 
		// FEMALE, 1, 0, iDiabetic
		(5) {
			(5) 0, 
		},
		// FEMALE, 1, 1, iNonDiabetic
		0.2562502218, 0.2424123468, 0.0827617631, 0.0110620534, 0.0021254107, 
		0.0136222968, 0.0428814692, 0.0041180712, 0.003893344, 0, 
		0.0104827314, 0.0101337902, 0.0008919459, (2) 0, 
		(2) 0, 0.0012959478, (2) 0, 
		(5) 0, 
		// FEMALE, 1, 1, iDiabetic
		0.0061275395, 0.0063892663, 0.0010662633, 0.0004184565, 0, 
		0, 0.0005710921, (3) 0, 
		0, 0.0001435981, (3) 0, 
		(2) {
			(5) 0, 
		},
		// FEMALE, 1, 2, iNonDiabetic
		0.0208822032, 0.0509869362, 0.0123330609, 0.0029986688, 0.0012081625, 
		0.0046986325, 0.0062938777, 0.0132951766, 0.0017315325, 0, 
		0.0007404243, 0.0035250745, 0.0033871162, 0.0002168175, 0, 
		0, 0.0000300091, (3) 0, 
		(5) 0, 
		// FEMALE, 1, 2, iDiabetic
		0, 0.0008937701, (3) 0, 
		0.0001670762, 0.0022938377, (3) 0, 
		(3) {
			(5) 0, 
		},
		// FEMALE, 1, 3, iNonDiabetic
		0.0264409204, 0.0061012067, 0.0065345076, 0.0003629501, 0, 
		0.001602918, 0.0030153235, 0.0002672412, 0.0008830754, 0, 
		0.0041796769, 0.0053161935, 0, 0.0003629501, 0, 
		0, 0.0003106743, 0.0002947994, (2) 0, 
		(5) 0, 
		// FEMALE, 1, 3, iDiabetic
		0, 0.0013717295, (3) 0, 
		(2) 0, 0.0001670762, (2) 0, 
		0, 0.0001435981, (3) 0, 
		(2) {
			(5) 0, 
		},
		// FEMALE, 2, 0, iNonDiabetic
		0.0528539885, 0.0580285658, 0.0135630747, 0.0011974096, 0, 
		0.0046030498, 0.0013095646, 0.0013992157, (2) 0, 
		0.0005701846, (4) 0, 
		0.0012444262, (4) 0, 
		(5) 0, 
		// FEMALE, 2, 0, iDiabetic
		(5) {
			(5) 0, 
		},
		// FEMALE, 2, 1, iNonDiabetic
		0.1879603807, 0.2438378914, 0.0627829806, 0.0109121257, 0.0008842499, 
		0.0205747874, 0.0424862127, 0.0130920757, 0.0002322207, 0.0004650868, 
		0.0055970711, 0.0112971583, 0.0009722669, 0.0002322207, 0, 
		0.0011415559, 0.0033148337, 0.0000269484, (2) 0, 
		0.0004361815, (4) 0, 
		// FEMALE, 2, 1, iDiabetic
		0.003497852, 0.0047643241, 0.0019596265, 0, 0.0002712954, 
		0.0033924731, 0, 0.0001073357, (2) 0, 
		(3) {
			(5) 0, 
		},
		// FEMALE, 2, 2, iNonDiabetic
		0.0210639498, 0.0524791046, 0.0378080737, 0.0032682751, 0.0002860968, 
		0.0085045974, 0.0164084291, 0.0078386204, 0.0013431538, 0, 
		0.0002598874, 0.0034010188, 0.0021380857, 0.0014177955, 0, 
		0, 0.0002640821, 0.0007455524, (2) 0, 
		0, 0.0002063028, (3) 0, 
		// FEMALE, 2, 2, iDiabetic
		0, 0.0004281667, (3) 0, 
		(2) 0, 0.0006773538, 0.0008813458, 0, 
		(2) 0, 0.0019622287, (2) 0, 
		0, 0.0000166437, (3) 0, 
		0.0032493311, (4) 0, 
		// FEMALE, 2, 3, iNonDiabetic
		0.0148231245, 0.0186568586, 0.023812523, 0.0030862769, 0.0006613034, 
		0.0007950984, 0.0031746374, 0.0025205681, 0.0021445495, 0.0004760681, 
		0.00069126, 0.0030004874, 0.0017993619, 0, 0.0001012049, 
		0.0002324185, 0.0003318019, 0.0002550785, 0.0000148013, 0, 
		0, 0.0002688181, (3) 0, 
		// FEMALE, 2, 3, iDiabetic
		0, 0.00172624, 0.0004529189, 0, 0.0011147636, 
		0, 0.0002031073, (3) 0, 
		(3) {
			(5) 0, 
		},
		// FEMALE, 3, 0, iNonDiabetic
		0.0293463684, 0.0531405849, 0.0087502558, 0.0026323771, 0, 
		0, 0.0041424243, (3) 0, 
		(2) 0, 0.0004080307, (2) 0, 
		(3) 0, 0.0008094331, 0, 
		(5) 0, 
		// FEMALE, 3, 0, iDiabetic
		0.0000201887, 0.0015425642, (3) 0, 
		0, 0.0011958403, (3) 0, 
		(3) {
			(5) 0, 
		},
		// FEMALE, 3, 1, iNonDiabetic
		0.1853170724, 0.225435174, 0.1069017388, 0.0061615233, 0.0054826809, 
		0.0117900553, 0.0227607821, 0.0115681673, 0.0065686572, 0.0010766111, 
		0.0003194392, 0.0023187083, 0.0364470188, 0.0015683361, 0, 
		0.0004248428, 0.0045007592, 0.0010116627, 0.0000636695, 0, 
		0.0001914062, (3) 0, 0.000260386, 
		// FEMALE, 3, 1, iDiabetic
		0.0035139404, 0.0061043104, 0.0079146687, 0, 0.000028236, 
		0, 0.0013352036, (3) 0, 
		0, 0.0008594954, (3) 0, 
		(2) {
			(5) 0, 
		},
		// FEMALE, 3, 2, iNonDiabetic
		0.0397578017, 0.0566905046, 0.0151396013, 0.0053477, 0, 
		0.0367752774, 0.0146805571, 0.00573994, 0.0029852379, 0, 
		0.0006602679, 0.0074221015, 0.0021800156, 0, 0.0000110886, 
		0, 0.000677431, 0.000028236, 0.0001501477, 0, 
		(5) 0, 
		// FEMALE, 3, 2, iDiabetic
		0.0003407975, 0.0006214034, 0.0002531106, 0.0001627413, 0, 
		0, 0.0009054169, (3) 0, 
		(5) 0, 
		(2) 0, 0.001315787, (2) 0, 
		(5) 0, 
		// FEMALE, 3, 3, iNonDiabetic
		0.0074948087, 0.0110550294, 0.0041079421, 0.0007425509, 0, 
		0.0058060892, 0.0064434236, 0.0062460599, 0.000603983, 0, 
		0.0030213888, 0.0014511032, 0.001408948, 0, 0.0000685042, 
		0.0008125913, 0.0018254003, 0.0008281948, 0.0001199778, 0, 
		0, 0.0000804115, 0.0000685042, (2) 0, 
		// FEMALE, 3, 3, iDiabetic
		0, 0.0001741183, 0, 0.0012811645, 0, 
		0.0005645492, 0, 0.000260386, (2) 0, 
		0.0000935587, 0, 0.0011895709, (2) 0, 
		(2) 0, 0.0001671938, (2) 0, 
		(3) 0, 0.0003267692, 0, 
		// FEMALE, 4, 0, iNonDiabetic
		0.0263101555, 0.0419551288, 0.0100636029, 0.0010767912, 0, 
		0.0009199499, 0.0034216128, (3) 0, 
		(3) {
			(5) 0, 
		},
		// FEMALE, 4, 0, iDiabetic
		(2) 0, 0.0099889928, (2) 0, 
		(4) {
			(5) 0, 
		},
		// FEMALE, 4, 1, iNonDiabetic
		0.1313823703, 0.2886113532, 0.0726002173, 0.0144889045, 0, 
		0.0116478871, 0.026233129, 0.0209303613, 0.0162709958, 0, 
		0.0037476356, 0.0185660636, 0.0053755293, 0, 0.004643669, 
		0.0000612371, 0.0014397834, 0.0038707913, (2) 0, 
		(5) 0, 
		// FEMALE, 4, 1, iDiabetic
		0.0021364401, 0.0094083354, 0.0037881367, (2) 0, 
		(4) {
			(5) 0, 
		},
		// FEMALE, 4, 2, iNonDiabetic
		0.0465541144, 0.0686768221, 0.0109480292, 0.0013662369, 0.0002164776, 
		0.006314315, 0.0121559791, 0.0025712645, (2) 0, 
		0.0026329146, 0.0015357283, 0.0146883638, (2) 0, 
		0, 0.0008805331, 0.0010767912, 0.0099889928, 0, 
		(5) 0, 
		// FEMALE, 4, 2, iDiabetic
		0.008151086, 0.0039118604, 0, 0.0029463286, 0, 
		0.000028419, 0.0006540696, 0.0004074485, (2) 0, 
		(5) 0, 
		(3) 0, 0.000550452, 0, 
		(5) 0, 
		// FEMALE, 4, 3, iNonDiabetic
		0.0016976606, 0.0084192588, 0.0115833042, 0.0000421224, 0, 
		0.0017939876, 0.0083574745, 0.0044572213, 0.0029235789, 0, 
		0.001134827, 0.013347169, 0.0023312627, (2) 0, 
		0, 0.0074804318, 0.0050097902, 0.0004068598, 0, 
		(2) 0, 0.0001927263, (2) 0, 
		// FEMALE, 4, 3, iDiabetic
		0.0001965575, 0.0007985395, 0.0007390476, (2) 0, 
		(5) 0, 
		0.0010083255, 0.0026918282, 0.0001927263, (2) 0, 
		(2) {
			(5) 0, 
		},
		// FEMALE, 5, 0, iNonDiabetic
		0.0086442269, 0.0234232465, 0.0322809983, 0.0086414853, 0, 
		0.0007614219, 0.0007816942, (3) 0, 
		(5) 0, 
		0.0036627901, 0, 0.0068271077, (2) 0, 
		(5) 0, 
		// FEMALE, 5, 0, iDiabetic
		(5) {
			(5) 0, 
		},
		// FEMALE, 5, 1, iNonDiabetic
		0.0821412962, 0.1531032633, 0.1007427935, 0.007259597, 0.023395252, 
		0.0154406531, 0.0901631889, 0.0352931648, 0.0079877598, 0, 
		0.0032971795, 0.0210101273, 0.0111251314, 0.0044225299, 0, 
		0.0002038476, 0.00514261, 0.0073839393, (2) 0, 
		0, 0.0006499464, (3) 0, 
		// FEMALE, 5, 1, iDiabetic
		0.0002038476, 0.0030319363, 0.0003209264, (2) 0, 
		0.0011405546, 0.0027987507, (3) 0, 
		(3) {
			(5) 0, 
		},
		// FEMALE, 5, 2, iNonDiabetic
		0.0260785186, 0.0502689432, 0.0252744332, 0.000538307, 0, 
		0.0024063581, 0.0036245284, 0.0102644016, 0.0017553631, 0.011212632, 
		0.0003021505, 0.0047930993, 0.0359308889, 0.0004303376, 0.0000551698, 
		0.0011135541, 0.013354719, 0.000618555, 0, 0.0002659204, 
		(5) 0, 
		// FEMALE, 5, 2, iDiabetic
		0, 0.0000300589, 0.0007400028, (2) 0, 
		(2) 0, 0.0033129189, (2) 0, 
		0, 0.0001184441, 0.0035637771, (2) 0, 
		(2) {
			(5) 0, 
		},
		// FEMALE, 5, 3, iNonDiabetic
		0.0023027468, 0.0112540612, 0.0062924379, 0.0004303376, 0, 
		0.0017832921, 0.0057172126, 0.0018342349, 0.0074897351, 0.0003608592, 
		0.0227672599, 0.0356386451, 0.0256380777, 0.0051865296, 0.0017089314, 
		0.0011389271, 0.0035007431, 0.0035648475, 0.003329543, 0, 
		(2) 0, 0.0011125273, (2) 0, 
		// FEMALE, 5, 3, iDiabetic
		(2) 0, 0.0002289694, (2) 0, 
		(3) 0, 0.000442265, 0, 
		0, 0.0003878816, (3) 0, 
		0, 0.0005555865, (3) 0, 
		(5) 0, 
		// FEMALE, 6, 0, iNonDiabetic
		0.0042288715, 0.0141915971, 0.0060495452, (2) 0, 
		0.0002631771, 0, 0.0067484407, (2) 0, 
		(3) {
			(5) 0, 
		},
		// FEMALE, 6, 0, iDiabetic
		(5) {
			(5) 0, 
		},
		// FEMALE, 6, 1, iNonDiabetic
		0.0463729097, 0.1643682249, 0.1641543898, 0.0270287275, 0.0001210205, 
		0.0059693737, 0.0231736932, 0.0609198166, 0.0418505356, 0.0038181723, 
		0.0046100899, 0.0109333208, 0.0108662222, 0.0170024309, 0.0003993604, 
		0.0005289035, 0.0254382078, 0.0182627935, 0.0015754163, 0, 
		(2) 0, 0.0001480112, (2) 0, 
		// FEMALE, 6, 1, iDiabetic
		0.0003795732, 0.0046472483, 0.0032917737, (2) 0, 
		0, 0.0046469222, (3) 0, 
		(3) {
			(5) 0, 
		},
		// FEMALE, 6, 2, iNonDiabetic
		0.00530153, 0.0316192674, 0.042931198, 0.008145461, 0.002399023, 
		0.0101079207, 0.0049257808, 0.0137947564, 0.0027757504, 0.002401854, 
		0.000493835, 0.0146944586, 0.0039945674, 0.0004125963, 0.0003439711, 
		0, 0.0108671116, 0.0063690453, 0.009712992, 0.0132323555, 
		0, 0.0006053547, 0.0038441402, (2) 0, 
		// FEMALE, 6, 2, iDiabetic
		(2) 0, 0.0002631771, (2) 0, 
		0.0014472516, 0, 0.0004135301, (2) 0, 
		(2) 0, 0.0008691098, (2) 0, 
		0, 0.0014573601, 0.0002596495, (2) 0, 
		(2) 0, 0.0001948779, (2) 0, 
		// FEMALE, 6, 3, iNonDiabetic
		0.0002631771, 0.0035012956, 0.0020853182, (2) 0, 
		0.0032628562, 0.0141303235, 0.0186150056, 0.0005357957, 0, 
		0, 0.0075717954, 0.004355554, 0.0012465783, 0.0011820143, 
		0.0005996483, 0.0025987328, 0.0127595231, 0.0045795717, 0.0000604584, 
		0, 0.0003993604, 0.001096166, (2) 0, 
		// FEMALE, 6, 3, iDiabetic
		0, 0.0016718622, 0.0002766205, 0.0067484407, 0, 
		0, 0.0016498665, (3) 0, 
		0.00025295, 0.0041962189, (3) 0, 
		0, 0.0009199933, 0, 0.0004519632, 0, 
		0, 0.0007372693, 0.0383849459, (2) 0, 
		// FEMALE, 7, 0, iNonDiabetic
		0.0072748017, 0.0079823817, 0.0079821091, 0.0099712951, 0, 
		(2) 0, 0.0003179229, (2) 0, 
		(5) 0, 
		(4) 0, 0.0003953297, 
		(5) 0, 
		// FEMALE, 7, 0, iDiabetic
		(5) {
			(5) 0, 
		},
		// FEMALE, 7, 1, iNonDiabetic
		0.0075410917, 0.05488839, 0.1096553039, 0.0577167509, 0.0011252424, 
		0.0033324245, 0.0415221863, 0.0506272381, 0.0139724599, 0.011617568, 
		0.0005005204, 0.0076441531, 0.0107801307, 0.0278721806, 0.0015175569, 
		0.0002984179, 0.0750449901, 0.0149182052, 0.0057210115, 0.0008178641, 
		0, 0.0014939294, 0.0003179229, 0.0048602875, 0.0003179229, 
		// FEMALE, 7, 1, iDiabetic
		(2) 0, 0.006912128, (2) 0, 
		0, 0.0017762834, 0.0003179229, (2) 0, 
		(2) 0, 0.0017762834, (2) 0, 
		0, 0.003136642, (3) 0, 
		(5) 0, 
		// FEMALE, 7, 2, iNonDiabetic
		0.0010573582, 0.0102773277, 0.0152977095, 0.0058605787, 0.006153801, 
		0, 0.0527175776, 0.0380214397, 0.0428363121, 0.0020804422, 
		0, 0.0126820808, 0.0025234185, 0.0139157506, 0.0001830403, 
		0, 0.0141090119, 0.0113782612, 0.0179034067, 0.000834371, 
		0, 0.0005194462, 0.0155065066, 0, 0.0005194462, 
		// FEMALE, 7, 2, iDiabetic
		(5) 0, 
		(2) 0, 0.0022961555, (2) 0, 
		0, 0.0003571033, 0, 0.0004924628, 0, 
		0.001219139, (4) 0, 
		0, 0.0045000498, 0, 0.0002562224, 0.0048602875, 
		// FEMALE, 7, 3, iNonDiabetic
		0.003136642, 0.0037391335, 0.0016932552, 0.0003436968, 0, 
		0, 0.0084430403, 0.027864072, 0.0069447329, 0, 
		0, 0.0587201935, 0.0102787586, 0.0008010506, 0.0005628001, 
		0, 0.0022233823, 0.0259674708, 0.000936325, 0.00090803, 
		0, 0.0048602875, 0.0007494859, 0.0030466976, 0, 
		// FEMALE, 7, 3, iDiabetic
		(2) {
			(5) 0, 
		},
		(2) 0, 0.0013172772, (2) 0, 
		0, 0.0017762834, 0.0041219936, 0.0012598354, 0, 
		(5) 0, 
		// FEMALE, 8, 0, iNonDiabetic
		(2) 0, 0.0095904404, 0, 0.0005094068, 
		0, 0.0006349707, (3) 0, 
		(2) 0, 0.0011578706, 0.0178214706, 0, 
		(2) {
			(5) 0, 
		},
		// FEMALE, 8, 0, iDiabetic
		(5) {
			(5) 0, 
		},
		// FEMALE, 8, 1, iNonDiabetic
		0.0035615761, 0.0524802047, 0.0358996183, 0.0389750366, 0.0022866031, 
		0.0003019456, 0.0132943902, 0.0359992476, 0.0631582834, 0.0091644679, 
		0.0003711263, 0.0301018039, 0.0311266035, 0.010417017, 0.0061862359, 
		0.0017922265, 0.004577801, 0.0517802274, 0.0043114812, 0.0055775558, 
		(2) 0, 0.0203426991, 0.0069386487, 0.005554954, 
		// FEMALE, 8, 1, iDiabetic
		(5) 0, 
		(2) 0, 0.0051116216, (2) 0, 
		0, 0.0004933412, 0.0144437993, 0.0039592033, 0, 
		(2) 0, 0.0054033745, (2) 0, 
		(5) 0, 
		// FEMALE, 8, 2, iNonDiabetic
		0.0019243266, 0.0242225613, 0.0157098739, 0.0152054017, 0, 
		0, 0.0191175407, 0.0249329092, 0.0229569397, 0.0034701818, 
		0.0016870155, 0.0147710324, 0.0592557384, 0.0053090842, 0.0027660305, 
		0.0101992338, 0.0013703472, 0.0417832291, 0.0192722589, 0.0096184945, 
		0, 0.0475340764, 0.0156510638, 0.0115266262, 0.0001615618, 
		// FEMALE, 8, 2, iDiabetic
		0, 0.0003510807, 0.0086159731, 0.0006349707, 0, 
		(5) 0, 
		(2) 0, 0.0018813395, (2) 0, 
		(2) 0, 0.0124006229, 0.0059233298, 0, 
		(5) 0, 
		// FEMALE, 8, 3, iNonDiabetic
		0, 0.0012356422, 0.0147909162, (2) 0, 
		0.0026217476, 0.0034176653, 0.003433553, 0.0026217476, 0.0016894262, 
		0, 0.0058573364, 0.0055375779, 0.000967203, 0.0006275608, 
		0, 0.0066872135, 0.0358071077, 0.0073795705, 0.0002433458, 
		0, 0.0015894571, 0.0076552254, 0, 0.0006275608, 
		// FEMALE, 8, 3, iDiabetic
		(3) 0, 0.0012510768, 0, 
		(5) 0, 
		0, 0.0002455785, 0, 0.0001321002, 0, 
		(2) 0, 0.0021807612, 0.0004933412, 0, 
		(3) 0, 0.0010419169, 0.0002872714, 
		// FEMALE, 9, 0, iNonDiabetic
		0, 0.0028026276, 0.0020594779, 0.0101769174, 0, 
		0, 0.006057668, 0.0071788071, (2) 0, 
		(5) 0, 
		0, 0.0064583239, (3) 0, 
		0, 0.0177533337, (3) 0, 
		// FEMALE, 9, 0, iDiabetic
		(5) {
			(5) 0, 
		},
		// FEMALE, 9, 1, iNonDiabetic
		0.0006281837, 0.0181485754, 0.0645552681, 0.0311890906, 0.0020429781, 
		0.0006652393, 0.0057500273, 0.0209015019, 0.0450623755, 0.0095700971, 
		0.0016106258, 0.0112292678, 0.0241892113, 0.0281592472, 0.0189665522, 
		0, 0.0012434466, 0.0289905853, 0.0106109399, 0.008503688, 
		0, 0.0081309293, 0.0027852836, 0.01148818, 0.0035905231, 
		// FEMALE, 9, 1, iDiabetic
		(5) 0, 
		(2) 0, 0.0020331223, 0.000720318, 0, 
		(5) 0, 
		0, 0.0032825154, 0.0057986823, (2) 0, 
		(4) 0, 0.0002532777, 
		// FEMALE, 9, 2, iNonDiabetic
		0, 0.0018141656, 0.0024302727, 0.0247402188, 0.0013745637, 
		(2) 0, 0.0206260532, 0.0311341587, 0.0479902471, 
		(2) 0, 0.0374586859, 0.0181000122, 0.0054326227, 
		0, 0.0084908038, 0.0150604781, 0.0292543612, 0.0026865053, 
		0, 0.0016269787, 0.0542530883, 0.0039801303, 0.0003455405, 
		// FEMALE, 9, 2, iDiabetic
		(2) 0, 0.00053058, (2) 0, 
		(3) 0, 0.0000505087, 0, 
		0, 0.0007119122, 0.010081975, 0, 0.0013135017, 
		(3) 0, 0.0003425305, 0, 
		(5) 0, 
		// FEMALE, 9, 3, iNonDiabetic
		0, 0.0009908663, 0.0031055881, (2) 0, 
		0.003625046, 0.0013526863, 0.0086558748, 0.0552233254, 0.0004505039, 
		0, 0.016601581, 0.0169419642, 0.0306572442, 0, 
		0.0052271191, 0.0037820231, 0.065904247, 0.0038314306, 0, 
		0, 0.0006523552, 0.0014763336, 0.0005596519, 0.0033437242, 
		// FEMALE, 9, 3, iDiabetic
		(2) 0, 0.0003258839, (2) 0, 
		0, 0.0014740394, 0.0041136516, 0, 0.0005994055, 
		(2) 0, 0.0032956565, 0.0023642737, 0, 
		0, 0.0017920864, 0.0020815571, 0.0005491537, 0.0081256986, 
		(3) 0, 0.0101377144, 0.0003425305, 
		// FEMALE, 10, 0, iNonDiabetic
		0.0033785775, 0.0002823386, 0.0025311975, 0.0001619715, 0.0004068643, 
		0, 0.0037252486, 0.0013028434, 0.0043301887, 0.0005684525, 
		(2) 0, 0.0124421015, 0, 0.000695776, 
		(2) 0, 0.0081719909, 0.0000546932, 0.0003898469, 
		0, 0.0005212332, 0.0035887265, 0, 0.0011702306, 
		// FEMALE, 10, 0, iDiabetic
		0.0024035673, (4) 0, 
		(2) {
			(5) 0, 
		},
		(4) 0, 0.0001539419, 
		(5) 0, 
		// FEMALE, 10, 1, iNonDiabetic
		0.0139964299, 0.0091489749, 0.02177156, 0.013334267, 0.012232834, 
		0.0001561074, 0.0133596589, 0.0614063606, 0.0195427272, 0.0078731332, 
		0.0154019715, 0.0139538674, 0.0457234878, 0.0257296665, 0.0053341169, 
		0.000097639, 0.0057449097, 0.0552808026, 0.0228433468, 0.0113893634, 
		0.0007902722, 0.0020430983, 0.0149555725, 0.0128724987, 0.0086294856, 
		// FEMALE, 10, 1, iDiabetic
		(5) 0, 
		(2) 0, 0.0007662601, 0.0079589865, 0, 
		0, 0.0080300454, 0.0001468705, 0.0021517948, 0.0003511363, 
		0, 0.0027660293, 0.003700834, 0.0006000917, 0.0028427799, 
		0, 0.0001619715, 0.0012921692, (2) 0, 
		// FEMALE, 10, 2, iNonDiabetic
		0.0008577475, 0.0011241036, 0.0022804981, 0.0010454942, 0.0036974612, 
		0.0006047485, 0.003229139, 0.0470474879, 0.0108998078, 0.003880072, 
		0.0013845957, 0.0115330144, 0.0337564925, 0.0162221582, 0.0034807199, 
		0, 0.0117723114, 0.0338582517, 0.018024139, 0.0658728799, 
		0, 0.0012738295, 0.0084991917, 0.0057478801, 0.0015720932, 
		// FEMALE, 10, 2, iDiabetic
		(3) 0, 0.0009777314, 0.0007125634, 
		0.0001619715, 0, 0.0002603579, 0.0083882148, 0, 
		(2) 0, 0.0000637576, 0.0005684525, 0.0001619715, 
		0, 0.0081849264, 0.0155411765, 0.0031718013, 0.0025735876, 
		0, 0.0157459789, 0.0002476907, 0.0002176037, 0.0018579004, 
		// FEMALE, 10, 3, iNonDiabetic
		0, 0.0005684525, 0.0009794561, 0.0005212332, 0.0011702306, 
		0.0013126743, 0.0027623691, 0.0186153196, 0.001054137, 0.003027307, 
		0, 0.0036412733, 0.0098222719, 0.0096581158, 0.0017551064, 
		0, 0.0091319, 0.0304954651, 0.0103105244, 0.0036933602, 
		0, 0.0014138203, 0.0082061023, 0.0205522511, 0.0011936678, 
		// FEMALE, 10, 3, iDiabetic
		0, 0.0002254416, (3) 0, 
		0, 0.000695776, 0.000113794, (2) 0, 
		0, 0.00066475, 0.0060693126, 0.0039019761, 0.0013126743, 
		0.0003213751, 0.0007510824, 0.0045668795, 0.0008682492, 0, 
		0, 0.0006019123, 0.0012717215, 0.0015893022, 0, 
		// FEMALE, 11, 0, iNonDiabetic
		(2) 0, 0.0009221038, 0.0101078534, 0, 
		0, 0.0047056184, 0.0020598626, 0, 0.0045985149, 
		(2) 0, 0.0008642548, 0.003739001, 0, 
		0, 0.00053456, 0.0052724076, 0, 0.0001681521, 
		0.0000666536, 0, 0.0001029931, 0.0001973918, 0, 
		// FEMALE, 11, 0, iDiabetic
		(2) 0, 0.001100742, (2) 0, 
		0, 0.0004750996, (3) 0, 
		(3) {
			(5) 0, 
		},
		// FEMALE, 11, 1, iNonDiabetic
		0.0005701756, 0.0036839779, 0.0232385436, 0.0100899873, 0.007024225, 
		0.0015989625, 0.0147114596, 0.0152769877, 0.0303382035, 0.0207666384, 
		0, 0.0348192922, 0.0618591933, 0.0346338579, 0.0293139006, 
		0.0374393114, 0.0379645297, 0.0542067101, 0.0670014699, 0.013824948, 
		0.0042767139, 0.0191899093, 0.0396449525, 0.0236169324, 0.0234663196, 
		// FEMALE, 11, 1, iDiabetic
		0, 0.0005307766, (3) 0, 
		0, 0.0010927548, 0.0003360706, (2) 0, 
		(2) 0, 0.0034606627, 0.0004116689, 0.000030571, 
		0, 0.008409471, 0.0049138, 0.0095764696, 0, 
		0, 0.0002747418, 0.0034621106, 0.0018941862, 0, 
		// FEMALE, 11, 2, iNonDiabetic
		0, 0.0034470237, 0.0018706449, 0.0006927631, 0.000030571, 
		0.000216379, 0.0006240076, 0.0087224206, 0.0035990845, 0.0187164912, 
		0, 0.0169804614, 0.0111724895, 0.0183936626, 0.0057257642, 
		0.0022659423, 0.0101383543, 0.0321529846, 0.0267391657, 0.0185644303, 
		0, 0.0122216181, 0.0091147054, 0.0142622834, 0.0023298168, 
		// FEMALE, 11, 2, iDiabetic
		(5) 0, 
		0, 0.0017202189, 0.0003426098, (2) 0, 
		0.0001579695, 0, 0.0031645516, 0.0008683886, 0, 
		0, 0.0034955776, 0.0044710463, 0.0023227871, 0.0035347663, 
		0, 0.001628179, 0.0014543985, 0.0085588928, 0, 
		// FEMALE, 11, 3, iNonDiabetic
		0, 0.0010657804, (3) 0, 
		0, 0.0020289414, 0.0011915441, 0, 0.0003172936, 
		0.001516895, 0.0022264967, 0.0040388255, 0.0073960046, 0.0033059628, 
		0.0031244286, 0.0046235742, 0.0097923348, 0.0049651331, 0.0003403444, 
		0.0006189397, 0.0038723316, 0.0111149908, 0.000960662, 0.0001672879, 
		// FEMALE, 11, 3, iDiabetic
		(2) {
			(5) 0, 
		},
		(2) 0, 0.0001640884, 0.0002485848, 0, 
		0, 0.002887778, 0.003692946, 0.0000506325, 0, 
		0, 0.0012557689, 0.0014662859, (2) 0, 
		// MALE, 0, 0, iNonDiabetic
		0.0389045148, 0.0346108754, (3) 0, 
		0.0281699527, 0.0018858014, (3) 0, 
		(3) {
			(5) 0, 
		},
		// MALE, 0, 0, iDiabetic
		(5) {
			(5) 0, 
		},
		// MALE, 0, 1, iNonDiabetic
		0.2482954909, 0.0872183863, 0.0051298527, 0.0104811908, 0, 
		0.1498924806, 0.1309592009, 0.0258952192, (2) 0, 
		0.0385277716, 0.0238540674, 0.0032816838, (2) 0, 
		0.0054220615, 0.0043624626, 0.0008879812, 0.0010339698, 0, 
		(5) 0, 
		// MALE, 0, 1, iDiabetic
		0, 0.010201727, (3) 0, 
		0.0033955549, (4) 0, 
		(2) 0, 0.0014967303, (2) 0, 
		(2) {
			(5) 0, 
		},
		// MALE, 0, 2, iNonDiabetic
		0.0180953517, 0.007700688, 0.0015630972, 0.0097863316, 0, 
		0.0232523628, 0.0090855865, 0.0009118492, (2) 0, 
		0.0026133806, 0.0395886682, 0.002387585, (2) 0, 
		0.0006468452, 0.00494308, 0.001355469, (2) 0, 
		(5) 0, 
		// MALE, 0, 2, iDiabetic
		(5) 0, 
		0.0123038696, (4) 0, 
		(3) {
			(5) 0, 
		},
		// MALE, 0, 3, iNonDiabetic
		0, 0.0006017046, 0.0019073521, (2) 0, 
		0.0017806897, 0.0032592062, (3) 0, 
		(2) 0, 0.0023837846, (2) 0, 
		0, 0.0019261221, (3) 0, 
		(5) 0, 
		// MALE, 0, 3, iDiabetic
		(5) {
			(5) 0, 
		},
		// MALE, 1, 0, iNonDiabetic
		0.0122248324, 0.0050497552, 0.0000259775, (2) 0, 
		0.0030279998, 0.0056219461, 0, 0.0023806353, 0, 
		0.0028029937, 0.0034591362, (3) 0, 
		(2) {
			(5) 0, 
		},
		// MALE, 1, 0, iDiabetic
		(5) {
			(5) 0, 
		},
		// MALE, 1, 1, iNonDiabetic
		0.1777416701, 0.1395467907, 0.0202712904, 0.0074361456, 0, 
		0.0863424463, 0.115605297, 0.0258305104, 0.0058224796, 0, 
		0.0451826231, 0.0259926981, 0.0132542428, 0.0077473738, 0.0000537105, 
		0.0082468594, 0.0080742306, 0.0044769571, 0.0000296471, 0, 
		0, 0.0003860586, 0.0003663247, (2) 0, 
		// MALE, 1, 1, iDiabetic
		0.002182359, (4) 0, 
		0, 0.0006504138, 0.0000197603, (2) 0, 
		(3) {
			(5) 0, 
		},
		// MALE, 1, 2, iNonDiabetic
		0.0232644292, 0.0274233206, 0.0038205505, 0.0027604503, 0.0022139596, 
		0.016634285, 0.0438054076, 0.0126825403, 0.0018927655, 0, 
		0.0075381152, 0.0446282521, 0.0147594318, 0.0025216766, 0, 
		0.0021413336, 0.0020032094, 0.0087326568, 0.0001312206, 0, 
		0, 0.0001597589, 0.0001402889, (2) 0, 
		// MALE, 1, 2, iDiabetic
		(5) 0, 
		0, 0.0000296471, (3) 0, 
		(3) {
			(5) 0, 
		},
		// MALE, 1, 3, iNonDiabetic
		0.0053389526, 0.0082793841, 0.000684364, (2) 0, 
		0.0030685897, 0.0035060488, 0.0037666816, (2) 0, 
		0.0011187344, 0.006029349, 0.0004440723, (2) 0, 
		0.0003847914, 0.0075490315, 0.0020630976, 0.0001842315, 0.0003072286, 
		0.0094391967, 0.0000197603, (3) 0, 
		// MALE, 1, 3, iDiabetic
		(3) {
			(5) 0, 
		},
		(2) 0, 0.0006800212, (2) 0, 
		(5) 0, 
		// MALE, 2, 0, iNonDiabetic
		0.0081046487, 0.0268748906, 0.0000352118, (2) 0, 
		0, 0.0011467212, 0.0021093382, (2) 0, 
		0.000346377, (4) 0, 
		0, 0.0005624826, 0.0030090762, (2) 0, 
		(5) 0, 
		// MALE, 2, 0, iDiabetic
		(5) {
			(5) 0, 
		},
		// MALE, 2, 1, iNonDiabetic
		0.0982668702, 0.1269248349, 0.0352459083, 0.0062800645, 0.0006881177, 
		0.0564741506, 0.1446215177, 0.0251260652, 0.0051037876, 0.0000384223, 
		0.01271074, 0.0194288418, 0.0093756736, 0.0032969085, 0, 
		0.0050355075, 0.0126953012, 0.0080668307, 0.0035745427, 0.0001157391, 
		(2) 0, 0.0016311883, (2) 0, 
		// MALE, 2, 1, iDiabetic
		0.0003176712, (4) 0, 
		(2) 0, 0.0016157495, (2) 0, 
		(2) 0, 0.0001681272, (2) 0, 
		0.0006028596, 0.0001479576, (3) 0, 
		(5) 0, 
		// MALE, 2, 2, iNonDiabetic
		0.0223756151, 0.0343589935, 0.020545167, 0.0035332876, 0, 
		0.0348646689, 0.0510157331, 0.0225890106, 0.0069378617, 0.0000797814, 
		0.0073371367, 0.0221859679, 0.0128950804, 0.013469338, 0.0023705232, 
		0.0036221433, 0.0142717785, 0.0135811396, 0.0010918214, 0.0003592663, 
		0, 0.0088244089, 0.0000797814, (2) 0, 
		// MALE, 2, 2, iDiabetic
		(2) 0, 0.0014107674, (2) 0, 
		(5) 0, 
		0, 0.0006881177, (3) 0, 
		0.0127002208, (4) 0, 
		(5) 0, 
		// MALE, 2, 3, iNonDiabetic
		0.0003794831, 0.001609489, 0.0014523247, 0.0068327267, 0, 
		0.0027247754, 0.0132345076, 0.0054530447, (2) 0, 
		0.0037065988, 0.0086482931, 0.0070943272, 0.0007510911, 0, 
		0.0004652795, 0.0043799482, 0.0083009151, 0.0015757219, 0.0014107674, 
		(2) 0, 0.0008385493, 0.0002124229, 0, 
		// MALE, 2, 3, iDiabetic
		(5) {
			(5) 0, 
		},
		// MALE, 3, 0, iNonDiabetic
		0.0105938833, 0.0091797756, 0.004715175, (2) 0, 
		0, 0.0018082554, (3) 0, 
		0, 0.0021118498, (3) 0, 
		(2) {
			(5) 0, 
		},
		// MALE, 3, 0, iDiabetic
		(5) {
			(5) 0, 
		},
		// MALE, 3, 1, iNonDiabetic
		0.0532996559, 0.1457793573, 0.0773808409, 0.0075758489, 0.004284574, 
		0.0434798123, 0.0572392743, 0.0436122988, 0.0162286806, 0.0004757346, 
		0.0256984381, 0.033966295, 0.0211970745, 0.0067067767, 0.003415343, 
		0.0044260348, 0.0118896014, 0.0082584458, 0.0005908205, 0, 
		0.0073374574, 0.0089099342, 0, 0.0005787488, 0, 
		// MALE, 3, 1, iDiabetic
		0.0011196783, 0.0083554082, (3) 0, 
		0, 0.0000643451, (3) 0, 
		0.0064489276, 0.0002020494, (3) 0, 
		0, 0.0000407816, (3) 0, 
		(5) 0, 
		// MALE, 3, 2, iNonDiabetic
		0.0129361986, 0.0468784932, 0.017594875, 0.0079477275, 0.0015822215, 
		0.0295386956, 0.0365417363, 0.0396179529, 0.0023442451, 0.0000323155, 
		0.0071635461, 0.0224768294, 0.0309619842, 0.0165272398, 0.003851662, 
		0.0065674602, 0.0112415279, 0.0136203282, 0.0046146863, 0.0007682103, 
		0, 0.000011889, 0.0001473219, 0.0000844063, 0.0006091344, 
		// MALE, 3, 2, iDiabetic
		(2) 0, 0.0056791924, (2) 0, 
		(2) 0, 0.000011889, (2) 0, 
		(2) 0, 0.000234762, (2) 0, 
		(2) {
			(5) 0, 
		},
		// MALE, 3, 3, iNonDiabetic
		0.0003445109, 0.0064180972, 0.0023813893, 0.0060348299, 0, 
		0.0023978687, 0.0062715615, 0.0026826964, 0.0022082563, 0.0001716082, 
		0.0001747294, 0.0041294929, 0.0073399353, 0.0004332456, 0.0001012987, 
		0.0001688127, 0.0027352478, 0.005356474, 0.0007975953, 0.0010595901, 
		0, 0.0006631551, 0.0000289323, 0.0004811351, 0, 
		// MALE, 3, 3, iDiabetic
		0, 0.0001402616, (3) 0, 
		(2) 0, 0.0005237036, (2) 0, 
		0.0003978645, (4) 0, 
		(2) {
			(5) 0, 
		},
		// MALE, 4, 0, iNonDiabetic
		0, 0.0046182348, 0, 0.0034615331, 0, 
		0, 0.0033440738, (3) 0, 
		(3) {
			(5) 0, 
		},
		// MALE, 4, 0, iDiabetic
		(5) {
			(5) 0, 
		},
		// MALE, 4, 1, iNonDiabetic
		0.0312848866, 0.1584241371, 0.0351460479, 0.0261916079, 0.0036756637, 
		0.0114217211, 0.045642103, 0.0255027918, 0.0190952501, 0.0038520019, 
		0.0011914377, 0.0328846838, 0.0328271588, 0.0063770768, 0, 
		0.0104149248, 0.0096004956, 0.0065099378, 0.024539204, 0.0001543955, 
		0, 0.0023424944, 0, 0.0001792453, 0, 
		// MALE, 4, 1, iDiabetic
		(2) 0, 0.0037720962, (2) 0, 
		(5) 0, 
		0, 0.0000406, (3) 0, 
		(2) 0, 0.0085880444, (2) 0, 
		(5) 0, 
		// MALE, 4, 2, iNonDiabetic
		0.0075789582, 0.0337392052, 0.0207016082, 0.0219456526, 0.0010041779, 
		0.0083244232, 0.071506422, 0.0755013901, 0.0213300818, 0, 
		0.007897934, 0.0212823932, 0.0370091975, 0.0051988506, 0.0111290686, 
		0.0013127698, 0.0085931617, 0.02087939, 0.0112288562, 0.0018296083, 
		0, 0.0002901337, (2) 0, 0.0001058109, 
		// MALE, 4, 2, iDiabetic
		0, 0.0007949953, (3) 0, 
		0, 0.0011977696, 0.0008700526, (2) 0, 
		(2) 0, 0.0047639786, (2) 0, 
		0, (2) 0.0003608601, (2) 0, 
		(2) 0, 0.0002683303, (2) 0, 
		// MALE, 4, 3, iNonDiabetic
		0, 0.0016057608, 0.0024977162, 0.000251943, 0.0001792453, 
		0.0000834699, 0.0057929566, 0.0022936609, 0.0013876378, 0, 
		0.0010144623, 0.0017980084, 0.028789948, 0.0037863629, 0, 
		0, 0.006688068, 0.0162196193, 0.0137358015, 0.0013662327, 
		0, 0.001183931, 0.0007881457, 0.0002701423, 0, 
		// MALE, 4, 3, iDiabetic
		(5) 0, 
		0.0011481297, (4) 0, 
		(5) 0, 
		0, 0.0008039954, (3) 0, 
		0, 0.0002269737, (3) 0, 
		// MALE, 5, 0, iNonDiabetic
		(2) 0, 0.0038769211, (2) 0, 
		(4) {
			(5) 0, 
		},
		// MALE, 5, 0, iDiabetic
		(5) {
			(5) 0, 
		},
		// MALE, 5, 1, iNonDiabetic
		0.0094506563, 0.1127571583, 0.035961942, 0.0110699461, 0.0021277785, 
		0.0085327612, 0.0488888509, 0.0662741568, 0.0494527423, 0.0086066577, 
		0.0131247275, 0.010832194, 0.0089296538, 0.0018460207, 0, 
		0.0007288341, 0.0342971044, 0.0534196025, 0.0057567764, 0.0006923109, 
		0, 0.0014302486, 0.00010955, (2) 0, 
		// MALE, 5, 1, iDiabetic
		0.0001436021, (4) 0, 
		0, 0.0034480917, (3) 0, 
		(3) {
			(5) 0, 
		},
		// MALE, 5, 2, iNonDiabetic
		0.0030157038, 0.0308522252, 0.0216613239, 0.0077591403, 0.0020488112, 
		0.0110349648, 0.0312831996, 0.0493197858, 0.024784156, 0.0014086708, 
		0.0040180126, 0.0332801863, 0.0213449011, 0.0072643615, 0.0081362244, 
		0.0034610997, 0.0131818896, 0.0603166458, 0.0015634522, 0.0003379711, 
		0, 0.0017255087, 0.0006182759, 0.0038655045, 0, 
		// MALE, 5, 2, iDiabetic
		0, 0.002223253, (3) 0, 
		0.0002664072, (4) 0, 
		(2) 0, 0.0001734929, 0.0086066577, 0, 
		0.0002664072, (2) 0, 0.0070175255, 0, 
		(5) 0, 
		// MALE, 5, 3, iNonDiabetic
		0.0064032924, 0.0015469847, 0.0362201946, 0.0006650889, 0.0017762953, 
		0.0001644782, 0.0043436577, 0.0144916362, 0.0042455737, 0.0005383103, 
		0.0002775668, 0.0060580958, 0.0165923411, 0.0006903241, 0.0004209812, 
		0, 0.0292224578, 0.0083953468, 0.0070723747, 0.0011335849, 
		0, 0.0004498044, 0, 0.0035410752, 0.0000411591, 
		// MALE, 5, 3, iDiabetic
		(5) 0, 
		0, 0.0001779607, (3) 0, 
		0.000106555, 0, 0.0020488112, (2) 0, 
		0, 0.0006190766, 0.0001217672, 0.0000411591, 0, 
		(5) 0, 
		// MALE, 6, 0, iNonDiabetic
		(2) 0, 0.0053337386, (2) 0, 
		(4) {
			(5) 0, 
		},
		// MALE, 6, 0, iDiabetic
		(5) {
			(5) 0, 
		},
		// MALE, 6, 1, iNonDiabetic
		0.0248757242, 0.0461484294, 0.0520433848, 0.0182183822, 0, 
		0.0184968419, 0.028176138, 0.0542558828, 0.0252060917, 0.0020652145, 
		0.0001161975, 0.009788383, 0.0052502811, 0.0112564256, 0.0003900817, 
		0.0008802691, 0.0258385233, 0.0264776327, 0, 0.0117548675, 
		(2) 0, 0.0016219575, 0.0003024659, 0, 
		// MALE, 6, 1, iDiabetic
		(3) 0, 0.0060629525, 0, 
		0, 0.0018124305, 0, 0.0009681476, 0, 
		(5) 0, 
		(4) 0, 0.000434075, 
		0.0002713181, (4) 0, 
		// MALE, 6, 2, iNonDiabetic
		0.0011825495, 0.055286867, 0.0570575765, 0.0134611791, 0.0005553427, 
		0.005250683, 0.0865520931, 0.0376196539, 0.0155109202, 0.0027073692, 
		0, 0.0170462977, 0.0629220023, 0.0260548884, 0.0023694581, 
		0.0025737506, 0.0104158062, 0.0098009039, 0.0140718923, 0.0204562312, 
		0.0055405507, 0.0103632491, 0.0030176414, 0, 0.0002295507, 
		// MALE, 6, 2, iDiabetic
		0, 0.0001894682, 0.000434075, (2) 0, 
		0, 0.0025777232, 0.0027810882, 0, 0.0003171664, 
		0.00008219, (2) 0, 0.0009681476, 0, 
		0, 0.0005466553, 0.0518198009, (2) 0, 
		(5) 0, 
		// MALE, 6, 3, iNonDiabetic
		0.0016925695, 0.0068322798, 0.0005411214, (2) 0, 
		0.0022498908, 0.0331954463, 0.0006261402, 0.0002702206, 0.0014632197, 
		0.0065389031, 0.0007857591, 0.006878159, 0.0142704189, 0.0009681476, 
		0.0004077656, 0.00679229, 0.0060447585, 0.0058825426, 0.002433686, 
		(2) 0, 0.0011830132, 0, 0.0002564785, 
		// MALE, 6, 3, iDiabetic
		(3) {
			(5) 0, 
		},
		0, 0.0011397928, 0.0014815683, (2) 0, 
		(2) 0, 0.0002572205, (2) 0, 
		// MALE, 7, 0, iNonDiabetic
		(2) 0, 0.0082253404, (2) 0, 
		(5) 0, 
		(2) 0, 0.0015511144, (2) 0, 
		(2) {
			(5) 0, 
		},
		// MALE, 7, 0, iDiabetic
		(5) {
			(5) 0, 
		},
		// MALE, 7, 1, iNonDiabetic
		0.0098633688, 0.0316819264, 0.0042822542, 0.0030486612, 0.0100335263, 
		0.0130905938, 0.0287044154, 0.0354332576, 0.0454382386, 0, 
		0.0070024314, 0.0314808639, 0.0053311056, 0.0194997516, 0.0139283214, 
		0, 0.0083053393, 0.0252757674, 0.0133407995, 0.0065902451, 
		0.0007069305, 0.008064392, 0.0020915907, 0.0002182356, 0, 
		// MALE, 7, 1, iDiabetic
		0.002525653, 0.0010263036, 0, 0.0014081584, 0, 
		(3) 0, 0.000287616, 0, 
		0, 0.0002726715, (3) 0, 
		(4) 0, 0.0010134729, 
		0, 0.00069097, (3) 0, 
		// MALE, 7, 2, iNonDiabetic
		0.0053505236, 0.0327284509, 0.0280016307, 0.0056815803, 0.0085030262, 
		0, 0.011017225, 0.1169935445, 0.061486565, 0.0002726715, 
		0.0055121602, 0.0218928705, 0.0805080598, 0.0221317858, 0.0015511144, 
		0, 0.0242124139, 0.0165827396, 0.0143186481, 0.0249621623, 
		0, 0.0012864722, 0.0061334547, 0.0042607879, 0.0059888438, 
		// MALE, 7, 2, iDiabetic
		0.0015511144, 0, 0.000915203, (2) 0, 
		0.0090448953, 0.0016231495, 0, 0.0059957589, 0, 
		0, 0.001503659, 0.0010263036, 0.001503659, 0, 
		(3) 0, 0.0066817966, 0, 
		(5) 0, 
		// MALE, 7, 3, iNonDiabetic
		0, 0.0040064364, 0.0029676791, 0.0008569162, 0, 
		(2) 0, 0.0245499596, 0, 0.0021925316, 
		0.0549325832, 0.0027085264, 0.0018491031, 0.0028637722, 0.0003644032, 
		0, 0.0020750731, 0.0053348417, 0.0023106455, 0.0041782818, 
		0, 0.0042370602, 0.002944738, (2) 0, 
		// MALE, 7, 3, iDiabetic
		(5) 0, 
		(3) 0, 0.00275862, 0, 
		0, 0.0005736262, 0.0031417858, (2) 0, 
		0.000127061, 0.0014081584, 0.0038555494, (2) 0, 
		0, 0.000127061, (3) 0, 
		// MALE, 8, 0, iNonDiabetic
		0, 0.0070485093, 0, 0.0061694968, 0, 
		(5) 0, 
		0, 0.0028371658, (3) 0, 
		(2) {
			(5) 0, 
		},
		// MALE, 8, 0, iDiabetic
		(5) {
			(5) 0, 
		},
		// MALE, 8, 1, iNonDiabetic
		0.0035792484, 0.0490674241, 0.0454426433, 0.017010577, 0.0009190012, 
		0.0007465915, 0.0115996091, 0.0474775956, 0.0076051175, 0.00036158, 
		0.0014863087, 0.0064054746, 0.0153744584, 0.0229994594, 0.0026176529, 
		0, 0.0193493622, 0.0121467005, 0.0072026433, 0.0028920856, 
		0, 0.0107042796, 0.0000982532, 0.0003230327, 0, 
		// MALE, 8, 1, iDiabetic
		(2) 0, 0.0063791789, (2) 0, 
		0.0066200351, (2) 0, 0.0003805765, 0, 
		(2) {
			(5) 0, 
		},
		0, 0.0038649718, (3) 0, 
		// MALE, 8, 2, iNonDiabetic
		0, 0.0183309806, 0.0370015511, 0.0038637152, 0.0021880699, 
		0.0052866222, 0.0181107655, 0.0601025345, 0.0076713095, 0.0013035507, 
		0.002796863, 0.0147085651, 0.0795535501, 0.0112966632, 0.0028964097, 
		0.0008321126, 0.0592233557, 0.0746907638, 0.0205258139, 0, 
		0, 0.037293391, 0.0007630194, 0.0090749983, 0.0001432867, 
		// MALE, 8, 2, iDiabetic
		(5) 0, 
		0, 0.003562377, 0.0009560517, (2) 0, 
		(2) 0, 0.0018261388, (2) 0, 
		0, 0.0334959233, (2) 0, 0.0161890159, 
		0.0074124177, 0.0010766831, 0.0064495841, 0.0002045079, 0, 
		// MALE, 8, 3, iNonDiabetic
		(2) 0, 0.0003243447, (2) 0, 
		0.0004874594, 0.000226498, 0.0148641773, 0.0008315213, 0, 
		0.000268464, 0.0131780544, 0.0022366514, 0.0006534939, 0, 
		0, 0.0055432965, 0.015223429, 0.000769949, 0.0031240534, 
		0, 0.0036778527, 0.0254536095, 0.0162931455, 0.0018669222, 
		// MALE, 8, 3, iDiabetic
		(5) 0, 
		0.0001432867, 0.0013625544, (3) 0, 
		0.0012942742, 0, 0.0055308786, (2) 0, 
		0, 0.0021310435, 0.0022118525, 0, 0.0019290303, 
		0.0215480207, 0, 0.001286513, (2) 0, 
		// MALE, 9, 0, iNonDiabetic
		(5) {
			(5) 0, 
		},
		// MALE, 9, 0, iDiabetic
		0, 0.0080998475, (3) 0, 
		(4) {
			(5) 0, 
		},
		// MALE, 9, 1, iNonDiabetic
		0.0033111572, 0.0436324278, 0.0077760079, 0.013049602, 0.0054738067, 
		0.0080682772, 0.0267662652, 0.0432881584, 0.0073833704, 0, 
		0.0000712077, 0.0228470839, 0.0122036834, 0.0043783469, 0.0006857275, 
		0.0104482691, 0.011564281, 0.0198882458, 0.0314519681, 0.0025414926, 
		0.0041584028, 0.0094460358, 0.0110099158, 0.0155048526, 0.0076382897, 
		// MALE, 9, 1, iDiabetic
		0.0002536795, (3) 0, 0.0008454821, 
		0, 0.0070425933, 0, 0.0004798573, 0, 
		0, 0.0000165884, 0.0010936263, (2) 0, 
		(5) 0, 
		0.0027369034, 0, 0.0000489269, (2) 0, 
		// MALE, 9, 2, iNonDiabetic
		0.0034163098, 0.0191124174, 0.0154957727, 0.0078694266, 0.0004606149, 
		0.0006797383, 0.0186727912, 0.0359486336, 0.0061461762, 0, 
		0.0206127203, 0.0184203164, 0.100207419, 0.0132395648, 0.0042036454, 
		0.0028232501, 0.1327614648, 0.0695513251, 0.0283474843, 0.001684259, 
		0.002324709, 0.0055279197, 0.0012871338, 0.0023506741, 0, 
		// MALE, 9, 2, iDiabetic
		(2) 0, 0.0006797383, 0.0025561078, 0, 
		0, 0.0038305297, 0.0007483791, (2) 0, 
		(2) 0, 0.0081640182, (2) 0, 
		0.0004606149, 0.0255027742, 0.0257546377, 0.001390261, 0, 
		0, 0.0008300287, (3) 0, 
		// MALE, 9, 3, iNonDiabetic
		(3) 0, 0.0016528633, 0, 
		0, 0.0002905581, 0.0068891423, 0.0023363558, 0, 
		0.000668755, 0.0006080417, 0.0102631955, 0.0000712077, 0, 
		0, 0.0043698257, 0.0108654749, 0.0056240099, 0.0001143199, 
		0, 0.0104497883, 0.0029275472, (2) 0, 
		// MALE, 9, 3, iDiabetic
		(2) {
			(5) 0, 
		},
		0.0063252606, 0.0007054415, 0.0065305021, (2) 0, 
		0.0001832402, 0.0028268471, 0.0006667644, 0.0001932456, 0.0001832402, 
		0, 0.0002905581, 0.0003143754, 0, 0.0003842037, 
		// MALE, 10, 0, iNonDiabetic
		0.00365955, 0.0019609012, 0.0001674728, 0.0019440977, 0, 
		0, 0.0039142935, 0.0022467325, (2) 0, 
		(2) 0, 0.0002360321, 0, 0.0003867747, 
		(2) 0, 0.0053471431, (2) 0, 
		(2) 0, 0.0003867747, (2) 0, 
		// MALE, 10, 0, iDiabetic
		(5) {
			(5) 0, 
		},
		// MALE, 10, 1, iNonDiabetic
		0.0014429024, 0.0195723479, 0.0250233452, 0.0118968517, 0.0015425006, 
		0.0050506721, 0.035749991, 0.0465507975, 0.0200128597, 0.0064141552, 
		0.0080337759, 0.0161302166, 0.0316001301, 0.0402805608, 0.0025475573, 
		0.0072391181, 0.0311701358, 0.0460721047, 0.0088218053, 0.0026431931, 
		0.0074315148, 0.0123230303, 0.0156588127, 0.0314749964, 0.0001203397, 
		// MALE, 10, 1, iDiabetic
		0.0003867747, 0.0001881409, (3) 0, 
		0.0012380314, 0.0028472814, 0.0009121603, (2) 0, 
		0, 0.0000866837, 0.0102120224, 0.0056891084, 0, 
		0.0014624943, 0.0020089637, 0.0055253535, 0.0066789025, 0, 
		0.001185126, 0.0024893686, 0.0001762781, 0.0004152943, 0, 
		// MALE, 10, 2, iNonDiabetic
		0.000641347, 0.007522161, 0.0084553318, 0.0033553253, 0, 
		0.0012441707, 0.0089695394, 0.0370725537, 0.0069619943, 0, 
		0.0025235138, 0.0187719177, 0.0473969421, 0.0190577, 0.0056643067, 
		0.0108969804, 0.0388433085, 0.065797152, 0.0146757938, 0.0026994739, 
		0.0046582961, 0.0316912655, 0.0150179548, 0.0033928459, 0.0044993352, 
		// MALE, 10, 2, iDiabetic
		(3) 0, 0.0022851825, 0, 
		0.0016742139, 0.0094489904, 0.0056092489, (2) 0, 
		0, 0.0059493553, 0.0023711569, 0.0048025815, 0.0009875927, 
		0.0023314839, 0.0075316267, 0.0039796732, 0.0055465352, 0.0003867747, 
		0, 0.0015863806, 0, 0.0009911638, 0, 
		// MALE, 10, 3, iNonDiabetic
		0, 0.0112523983, 0.0022293909, (2) 0, 
		0, 0.0002360321, 0.0033278576, 0.001349101, 0.0001465601, 
		0.0010697759, 0.0022460966, 0.0097600637, 0.0006225378, 0.0021326544, 
		0.0012226465, 0.0062091863, 0.014102517, 0.0035440288, 0.0008273599, 
		0.0009525426, 0.0005950456, 0.00531268, 0.0098917525, 0, 
		// MALE, 10, 3, iDiabetic
		0, 0.0001101402, (3) 0, 
		(2) 0, 0.0006184287, 0.0003867747, 0, 
		0, 0.0015261129, 0.00346549, (2) 0, 
		0, 0.0000579196, 0.0014130132, 0.002706934, 0, 
		0, 0.0001939866, 0.0005391317, 0, 0.0001051994, 
		// MALE, 11, 0, iNonDiabetic
		0.000111823, (4) 0, 
		0, 0.0037572005, (3) 0, 
		0, 0.0061221508, 0.0026883179, (2) 0, 
		0, 0.0002292685, 0, 0.0002745628, 0, 
		0.0004018834, 0.0002056938, (3) 0, 
		// MALE, 11, 0, iDiabetic
		(2) {
			(5) 0, 
		},
		(3) 0, 0.0022290674, 0, 
		(2) {
			(5) 0, 
		},
		// MALE, 11, 1, iNonDiabetic
		0.0081487781, 0.0172023576, 0.044281612, 0.0087413999, 0.0012552257, 
		0.0030230162, 0.02453698, 0.0163392258, 0.0043850703, 0.0059130607, 
		0.0037181567, 0.0659160466, 0.0147290092, 0.0105569392, 0.0017588858, 
		0.0047059548, 0.0341668845, 0.0675111936, 0.0174390182, 0.0076723175, 
		0.0000271138, 0.0121740626, 0.0145673825, 0.0132372657, 0.0069312263, 
		// MALE, 11, 1, iDiabetic
		0.0010382583, 0, 0.004582687, (2) 0, 
		0, 0.0030582641, 0.0036924414, (2) 0, 
		0.0016037093, 0.0007824754, 0.0050811811, (2) 0, 
		0.0005798355, 0.0120253935, 0.0135415109, 0.014177001, 0.0007076128, 
		0, 0.0015559034, 0.0011410909, 0.0057337387, 0, 
		// MALE, 11, 2, iNonDiabetic
		0, 0.0080628417, 0.0059161716, 0.0036590201, 0.0024343901, 
		0.0000296254, 0.0075036412, 0.0149982634, 0.0021768662, 0.0016335344, 
		0.0066897708, 0.0196892343, 0.0274872456, 0.0065775198, 0.0032811966, 
		0.0022078045, 0.0650183234, 0.0352981573, 0.0417001795, 0.0015618113, 
		0.0002056938, 0.0460559384, 0.0240886606, 0.0025383358, 0.0009654221, 
		// MALE, 11, 2, iDiabetic
		0, 0.0019899238, (3) 0, 
		0, 0.001295611, 0.0036677536, 0.0335548264, 0, 
		0, 0.0003098963, 0.0019174301, 0.0008766887, 0, 
		0.0022695668, 0.0054297503, 0.0291823711, 0.0030090597, 0, 
		0.0004513162, 0.0014545549, 0.0000946985, 0.0013615974, 0, 
		// MALE, 11, 3, iNonDiabetic
		0, 0.0073845974, 0.0003432035, 0.0004845948, 0, 
		0.001992521, 0.0014319791, 0.0058264393, (2) 0, 
		0, 0.0068647547, 0.0012922432, 0.0022496739, 0.0000296254, 
		0.0008691254, 0.0175453613, 0.0179784399, 0.0040151811, 0.0007758254, 
		0.0012552257, 0.0027891526, 0.0049772069, 0.0019558175, 0.0006038954, 
		// MALE, 11, 3, iDiabetic
		(3) 0, 0.0008384725, 0, 
		(5) 0, 
		0.0001954191, 0, 0.002114476, (2) 0, 
		0.0017998989, 0.0004513162, 0.0004956971, (2) 0, 
		(2) 0, 0.0025359099, (2) 0, 
	};
	*/

	
	double	ITERATOR_ERROR_TOLERANCE = 0.00001; //EN Error tolerated for one disease (ssq across age)
	double	ITERATOR_OVERALL_ERROR_TOLERANCE_SCALAR = 1; //EN Scales error tolerance by a % for calculation of overall error tolerance (across disease and age)

	 //EN CumBPdistr
	cumrate	CumBPdistr[HIGH_BP_STATE][SEX][AGE_GROUP][BP_INDEX] = {
		// 0, FEMALE
		83.2286879, 14.35939814, 2.13536176, 0.276552198, 0, 
		81.79251916, 12.79177594, 5.369774922, 0.037199691, 0.00873029, 
		86.60305789, 10.88389053, 2.083408178, 0.429643407, 0, 
		83.23121341, 14.42867398, 1.532567925, 0.637690261, 0.169854424, 
		80.95214757, 11.75834254, 5.266840551, 2.022669345, 0, 
		64.14242985, 19.74278768, 12.09674987, 3.995579256, 0.02245334, 
		64.83648116, 21.97140354, 5.42645553, 7.682112144, 0.083547628, 
		41.96175759, 28.47000307, 15.14327956, 13.66144664, 0.763513147, 
		34.9400798, 24.13634126, 18.45670018, 16.70728931, 5.759589445, 
		18.76585142, 32.44650297, 25.74941542, 11.4425083, 11.59572191, 
		13.64334724, 27.30243798, 24.85195366, 29.88739647, 4.31486465, 
		10.90969565, 19.59369177, 26.2546337, 34.16036543, 9.081613455, 
		// 0, MALE
		47.23995802, 36.19230632, 11.29311988, 5.274615782, 0, 
		44.84265875, 33.60682072, 18.42454642, 3.02794169, 0.09803242, 
		41.27572591, 38.42709822, 11.62760021, 8.563315933, 0.106259732, 
		43.77689053, 30.42339844, 18.36102524, 5.179281316, 2.259404465, 
		41.55751288, 31.70268591, 17.92685832, 8.738289242, 0.07465365, 
		33.38945225, 34.79421709, 14.38754619, 17.31142335, 0.117361127, 
		34.27326017, 37.8318785, 12.32349701, 15.43416541, 0.137198919, 
		20.15630561, 36.36450731, 27.41911627, 13.86391232, 2.196158488, 
		28.44720921, 28.42215562, 17.56375983, 19.15020991, 6.416665441, 
		17.92567165, 21.01775242, 25.81422911, 32.24340416, 2.998942657, 
		12.97678826, 24.35387282, 25.42210168, 24.23375473, 13.01348252, 
		13.16996716, 20.50162878, 22.40583053, 36.63535102, 7.287222508, 
		// 1, FEMALE
		(2) 0, 11.24960982, 1.553333173, 0, 
		(2) 0, 12.53208264, 3.564373208, 0, 
		(2) 0, 8.216131517, 2.025816958, 2.457595625, 
		(2) 0, 26.19583835, 5.066736318, 0.347453461, 
		(2) 0, 19.776047, 10.15379197, 0.124870332, 
		(2) 0, 42.01322237, 9.978638848, 1.292202589, 
		(2) 0, 17.42889198, 23.25402922, 19.93144793, 
		(2) 0, 20.67387503, 28.01125902, 15.10117761, 
		(2) 0, 29.72844396, 32.53162885, 19.28102312, 
		(2) 0, 23.80586253, 43.79766186, 10.10090858, 
		(2) 0, 21.9094992, 39.10342137, 24.99083555, 
		(2) 0, 22.60546036, 40.74619422, 31.18355277, 
		// 1, MALE
		(2) 0, 18.38012456, 15.24510294, 0, 
		(2) 0, 21.89405006, 22.5332614, 11.43740573, 
		(2) 0, 25.04753132, 21.44630352, 10.37846894, 
		(2) 0, 21.53165919, 21.27771835, 12.88771319, 
		(2) 0, 26.75881492, 39.78905528, 4.679561129, 
		(2) 0, 21.68165183, 37.33351096, 6.461910004, 
		(2) 0, 23.94620817, 26.39236081, 7.476170771, 
		(2) 0, 30.51179614, 29.7329652, 7.997151343, 
		(2) 0, 17.9904526, 45.15319, 27.92710046, 
		(2) 0, 19.36657184, 48.5734494, 23.06827057, 
		(2) 0, 17.40001274, 43.50929728, 24.0942373, 
		(2) 0, 16.08296839, 47.44308932, 30.12914933, 
	};
};

