parameters {

	
	logical	StrokeCvdportInitialAlterationPopulationScope[cPopulationSource] = {
		(2) TRUE, FALSE, 
	};

	 
	int	StrokeCvdportInitialAlterationYearScope[cLOWER_UPPER_BOUNDS] = {
		0, 9999, 
	};
	double	WeightForUnderlyingStrokeCvdportishUniform = 12.0; 

	 
	double	StrokeCvdportPrevalenceTarget2001[SEX][FROM_20_TO_80_BY_5][PROVINCE] = {
-9 ,
-9 ,
-9 ,
-9 ,
-9 ,
-9 ,
-9 ,
-9 ,
-9 ,
-9 ,
0.000294617328597121 ,
0.00046292732091386 ,
0.00027468012081749 ,
0.00029659732859764 ,
0.000371666340618923 ,
0.000448173877396677 ,
0.000601748722220561 ,
0.000551057581324492 ,
0.000379259095096918 ,
0.000422209355054485 ,
0.00094168335038762 ,
0.00149551044465614 ,
0.000821573927230708 ,
0.000875551082151823 ,
0.00119551802426163 ,
0.00127224275080758 ,
0.00183785183621816 ,
0.00183485564640497 ,
0.0011314232081024 ,
0.00122486064024032 ,
0.001331551590491 ,
0.00228914566835419 ,
0.00127475003304266 ,
0.00137932187153236 ,
0.00184686182315505 ,
0.0018700939368916 ,
0.0029973065599902 ,
0.00307915725176703 ,
0.00182956002573088 ,
0.00178136643890048 ,
0.00174249887742859 ,
0.00255859117005961 ,
0.00182376735245607 ,
0.00178057410443713 ,
0.00229665427803799 ,
0.00237430395955638 ,
0.00315495474129955 ,
0.00304677252072453 ,
0.00197489928936079 ,
0.00195897161959909 ,
0.00281728540918795 ,
0.00409274917773693 ,
0.00295310007740944 ,
0.00289288762774365 ,
0.00356417362507728 ,
0.00404082643449777 ,
0.00513462999156252 ,
0.00479230795331263 ,
0.00314700063409347 ,
0.00313753099402183 ,
0.00414211923415333 ,
0.00640232731324625 ,
0.00462619219221098 ,
0.00440845905777322 ,
0.00565781107896639 ,
0.00660410959808632 ,
0.00803965182930134 ,
0.00757848862756869 ,
0.00524394798149574 ,
0.00492396301377398 ,
0.00705016140204111 ,
0.0103842006013597 ,
0.00805122574888624 ,
0.00762951547224139 ,
0.00852465416012935 ,
0.00976617423985284 ,
0.0119177472719345 ,
0.0108356912251739 ,
0.00757307336065022 ,
0.00671683472326201 ,
0.0128489388858852 ,
0.0200422097565359 ,
0.0145680565266405 ,
0.0142935782754824 ,
0.014376770869228 ,
0.017955253335679 ,
0.0218741675786826 ,
0.0196341175924681 ,
0.0145495337797465 ,
0.0126199582636896 ,
0.0206835565569913 ,
0.0294130128389059 ,
0.0218447156404363 ,
0.021514660839241 ,
0.0223839585999421 ,
0.0262709384467716 ,
0.0324952818349162 ,
0.0268713390189424 ,
0.0223701280830175 ,
0.0189460016316736 ,
0.0298314832287949 ,
0.041993493086667 ,
0.034042049633356 ,
0.0335440684333139 ,
0.0332337149035216 ,
0.0432036841715251 ,
0.0456765230549975 ,
0.0453153773696506 ,
0.0321611408154125 ,
0.0317032584636028 ,
0.0479456221249625 ,
0.0706273271309522 ,
0.053747027220379 ,
0.052308615319516 ,
0.0513127051336444 ,
0.0664754381448887 ,
0.066867696079896 ,
0.0659754771409603 ,
0.0514155936062924 ,
0.0484146200362342 ,
0.0763579474568041 ,
0.101365186001125 ,
0.0792239788767058 ,
0.0756844578854853 ,
0.0811169111535313 ,
0.0995390291748227 ,
0.0919371179016989 ,
0.0933526435059536 ,
0.0804127691564645 ,
0.071058947908995 ,
0.13371537391362 ,
0.174236102408193 ,
0.144082715258024 ,
0.150185754461885 ,
0.146459657816846 ,
0.193753667882114 ,
0.183115296180554 ,
0.182955398887613 ,
0.154012453642739 ,
0.139003634420753 ,
-9 ,
-9 ,
-9 ,
-9 ,
-9 ,
-9 ,
-9 ,
-9 ,
-9 ,
-9 ,
0.000287019917373237 ,
0.000284338681490302 ,
0.000340426526058291 ,
0.000249207905177667 ,
0.000284902549329126 ,
0.000360298445533573 ,
0.000448781694275967 ,
0.000461140077575548 ,
0.000322282364364806 ,
0.000346038205465427 ,
0.000725485869715845 ,
0.000720172784665973 ,
0.000787668953777202 ,
0.00057575765682291 ,
0.000698607920366367 ,
0.000797490029887224 ,
0.00102455682442964 ,
0.00119420066828777 ,
0.000729574073004472 ,
0.000785823836112353 ,
0.0010753376597559 ,
0.00112981265557417 ,
0.00122544431384626 ,
0.000934171857963668 ,
0.00112178210290915 ,
0.00123101996316353 ,
0.00173499273706948 ,
0.00208918983972213 ,
0.00123326895113622 ,
0.00119918659136901 ,
0.00152396890242489 ,
0.00193028421239655 ,
0.0015972128218648 ,
0.00138026169411623 ,
0.00165491528908764 ,
0.00181829845563807 ,
0.00230299842476916 ,
0.0022365019571762 ,
0.00154524956565069 ,
0.00154443083235982 ,
0.00292552280704829 ,
0.00383504521080221 ,
0.00319426201164048 ,
0.00274909788623067 ,
0.00320438123341466 ,
0.0038124945744699 ,
0.00451880190330974 ,
0.00416156231874503 ,
0.00296068785930987 ,
0.00304378408846075 ,
0.00454392481283156 ,
0.00618729710998851 ,
0.00536648174074615 ,
0.00453583615822612 ,
0.00548943111880478 ,
0.00673673930744536 ,
0.00777347859915945 ,
0.00691127549209353 ,
0.00524579618516651 ,
0.00501794476539723 ,
0.00972581654487777 ,
0.0118991953644057 ,
0.0103763048005025 ,
0.00986591527589782 ,
0.0101383936690456 ,
0.0115542374469879 ,
0.0128040867880067 ,
0.0122378584214523 ,
0.00851782159944233 ,
0.00815443331733566 ,
0.0192093675957647 ,
0.0243067366257719 ,
0.0203899095161374 ,
0.0197562135592331 ,
0.0187354377078019 ,
0.0230287490229181 ,
0.0253941182628342 ,
0.0243606177735927 ,
0.017951789225912 ,
0.0165962352048692 ,
0.0328380344156445 ,
0.0381716215580462 ,
0.0334685619355312 ,
0.0328953860575195 ,
0.0322296682675987 ,
0.0374243755884929 ,
0.0417717798320795 ,
0.0374601480159734 ,
0.0302015336584302 ,
0.0271965663380062 ,
0.0453693790142124 ,
0.0573293933791303 ,
0.0487430777402829 ,
0.0495183225385716 ,
0.0475741831462756 ,
0.0596054313181219 ,
0.0605849378345627 ,
0.0626163811947677 ,
0.0445819975017444 ,
0.0442763131857322 ,
0.0743083502642998 ,
0.0972349021118682 ,
0.0803991468870819 ,
0.0794344633785738 ,
0.0756465426620142 ,
0.0905692446416478 ,
0.0909283257706092 ,
0.0893773545097655 ,
0.0701655200871855 ,
0.0672371298629449 ,
0.111830398667052 ,
0.135954310880871 ,
0.115406086490374 ,
0.109290168875233 ,
0.118317630325236 ,
0.136107060666819 ,
0.123089604028531 ,
0.121762005569948 ,
0.110465532355761 ,
0.0990361156144338 ,
0.146047631782939 ,
0.223746127560161 ,
0.165400032775545 ,
0.173356515925193 ,
0.179896555601741 ,
0.227442955443448 ,
0.209001461868916 ,
0.201387547684108 ,
0.176349830985596 ,
0.163221378490769 ,
	
	};

	
};

